0.0 0.532 0.0005 0.05
0.033 0.528 0.0005 0.05
0.067 0.513 0.0005 0.05
0.1 0.489 0.0005 0.05
0.133 0.455 0.0005 0.05
0.167 0.413 0.0005 0.05
0.2 0.362 0.0005 0.05
0.233 0.305 0.0005 0.05
0.267 0.242 0.0005 0.05
0.3 0.174 0.0005 0.05
0.333 0.102 0.0005 0.05
0.367 0.02969 0.0005 0.05
0.4 -0.0438 0.0005 0.05
0.433 -0.115 0.0005 0.05
0.467 -0.184 0.0005 0.05
0.5 -0.247 0.0005 0.05
0.533 -0.306 0.0005 0.05
0.567 -0.358 0.0005 0.05
0.6 -0.402 0.0005 0.05
0.633 -0.438 0.0005 0.05
0.667 -0.465 0.0005 0.05
0.7 -0.482 0.0005 0.05
0.733 -0.491 0.0005 0.05
0.767 -0.491 0.0005 0.05
0.8 -0.482 0.0005 0.05
0.833 -0.465 0.0005 0.05
0.867 -0.437 0.0005 0.05
0.9 -0.401 0.0005 0.05
0.933 -0.354 0.0005 0.05
0.967 -0.299 0.0005 0.05
1.0 -0.238 0.0005 0.05
1.033 -0.172 0.0005 0.05
1.067 -0.103 0.0005 0.05
1.1 -0.03209 0.0005 0.05
1.133 0.03944 0.0005 0.05
1.167 0.111 0.0005 0.05
1.2 0.181 0.0005 0.05
1.233 0.247 0.0005 0.05
1.267 0.308 0.0005 0.05
1.3 0.364 0.0005 0.05
1.333 0.414 0.0005 0.05
1.367 0.456 0.0005 0.05
1.4 0.489 0.0005 0.05
1.433 0.512 0.0005 0.05
1.467 0.526 0.0005 0.05
1.5 0.531 0.0005 0.05
1.533 0.527 0.0005 0.05
1.567 0.514 0.0005 0.05
1.6 0.491 0.0005 0.05
1.633 0.459 0.0005 0.05
1.667 0.418 0.0005 0.05
1.7 0.368 0.0005 0.05
1.733 0.311 0.0005 0.05
1.767 0.247 0.0005 0.05
1.8 0.18 0.0005 0.05
1.833 0.11 0.0005 0.05
1.867 0.03829 0.0005 0.05
1.9 -0.03362 0.0005 0.05
1.933 -0.104 0.0005 0.05
1.967 -0.172 0.0005 0.05
2.0 -0.236 0.0005 0.05
2.033 -0.295 0.0005 0.05
2.067 -0.348 0.0005 0.05
2.1 -0.393 0.0005 0.05
2.133 -0.43 0.0005 0.05
2.167 -0.458 0.0005 0.05
2.2 -0.476 0.0005 0.05
2.233 -0.486 0.0005 0.05
2.267 -0.487 0.0005 0.05
2.3 -0.479 0.0005 0.05
2.333 -0.462 0.0005 0.05
2.367 -0.436 0.0005 0.05
2.4 -0.4 0.0005 0.05
2.433 -0.356 0.0005 0.05
2.467 -0.303 0.0005 0.05
2.5 -0.243 0.0005 0.05
2.533 -0.18 0.0005 0.05
2.567 -0.112 0.0005 0.05
2.6 -0.04223 0.0005 0.05
2.633 0.02779 0.0005 0.05
2.667 0.09773 0.0005 0.05
2.7 0.166 0.0005 0.05
2.733 0.231 0.0005 0.05
2.767 0.292 0.0005 0.05
2.8 0.347 0.0005 0.05
2.833 0.396 0.0005 0.05
2.867 0.437 0.0005 0.05
2.9 0.471 0.0005 0.05
2.933 0.496 0.0005 0.05
2.967 0.511 0.0005 0.05
3.0 0.516 0.0005 0.05
3.033 0.512 0.0005 0.05
3.067 0.499 0.0005 0.05
3.1 0.476 0.0005 0.05
3.133 0.444 0.0005 0.05
3.167 0.405 0.0005 0.05
3.2 0.357 0.0005 0.05
3.233 0.303 0.0005 0.05
3.267 0.243 0.0005 0.05
3.3 0.18 0.0005 0.05
3.333 0.113 0.0005 0.05
3.367 0.04487 0.0005 0.05
3.4 -0.02376 0.0005 0.05
3.433 -0.09113 0.0005 0.05
3.467 -0.156 0.0005 0.05
3.5 -0.219 0.0005 0.05
3.533 -0.276 0.0005 0.05
3.567 -0.327 0.0005 0.05
3.6 -0.371 0.0005 0.05
3.633 -0.408 0.0005 0.05
3.667 -0.435 0.0005 0.05
3.7 -0.455 0.0005 0.05
3.733 -0.465 0.0005 0.05
3.767 -0.466 0.0005 0.05
3.8 -0.459 0.0005 0.05
3.833 -0.442 0.0005 0.05
3.867 -0.416 0.0005 0.05
3.9 -0.383 0.0005 0.05
3.933 -0.34 0.0005 0.05
3.967 -0.289 0.0005 0.05
4.0 -0.231 0.0005 0.05
4.033 -0.169 0.0005 0.05
4.067 -0.103 0.0005 0.05
4.1 -0.03577 0.0005 0.05
4.133 0.03311 0.0005 0.05
4.167 0.102 0.0005 0.05
4.2 0.168 0.0005 0.05
4.233 0.232 0.0005 0.05
4.267 0.291 0.0005 0.05
4.3 0.344 0.0005 0.05
4.333 0.391 0.0005 0.05
4.367 0.43 0.0005 0.05
4.4 0.462 0.0005 0.05
4.433 0.486 0.0005 0.05
4.467 0.499 0.0005 0.05
4.5 0.503 0.0005 0.05
4.533 0.499 0.0005 0.05
4.567 0.485 0.0005 0.05
4.6 0.462 0.0005 0.05
4.633 0.43 0.0005 0.05
4.667 0.39 0.0005 0.05
4.7 0.342 0.0005 0.05
4.733 0.288 0.0005 0.05
4.767 0.228 0.0005 0.05
4.8 0.164 0.0005 0.05
4.833 0.09733 0.0005 0.05
4.867 0.03 0.0005 0.05
4.9 -0.03843 0.0005 0.05
4.933 -0.105 0.0005 0.05
4.967 -0.169 0.0005 0.05
5.0 -0.23 0.0005 0.05
5.033 -0.285 0.0005 0.05
5.067 -0.335 0.0005 0.05
5.1 -0.378 0.0005 0.05
5.133 -0.413 0.0005 0.05
5.167 -0.44 0.0005 0.05
5.2 -0.459 0.0005 0.05
5.233 -0.468 0.0005 0.05
5.267 -0.469 0.0005 0.05
5.3 -0.462 0.0005 0.05
5.333 -0.446 0.0005 0.05
5.367 -0.42 0.0005 0.05
5.4 -0.386 0.0005 0.05
5.433 -0.342 0.0005 0.05
5.467 -0.29 0.0005 0.05
5.5 -0.234 0.0005 0.05
5.533 -0.173 0.0005 0.05
5.567 -0.108 0.0005 0.05
5.6 -0.04224 0.0005 0.05
5.633 0.0246 0.0005 0.05
5.667 0.09123 0.0005 0.05
5.7 0.156 0.0005 0.05
5.733 0.218 0.0005 0.05
5.767 0.276 0.0005 0.05
5.8 0.329 0.0005 0.05
5.833 0.375 0.0005 0.05
5.867 0.415 0.0005 0.05
5.9 0.446 0.0005 0.05
5.933 0.47 0.0005 0.05
5.967 0.483 0.0005 0.05
6.0 0.489 0.0005 0.05
6.033 0.485 0.0005 0.05
6.067 0.473 0.0005 0.05
6.1 0.451 0.0005 0.05
6.133 0.421 0.0005 0.05
6.167 0.383 0.0005 0.05
6.2 0.336 0.0005 0.05
6.233 0.284 0.0005 0.05
6.267 0.226 0.0005 0.05
6.3 0.163 0.0005 0.05
6.333 0.0986 0.0005 0.05
6.367 0.03251 0.0005 0.05
6.4 -0.03432 0.0005 0.05
6.433 -0.09929 0.0005 0.05
6.467 -0.162 0.0005 0.05
6.5 -0.222 0.0005 0.05
6.533 -0.277 0.0005 0.05
6.567 -0.326 0.0005 0.05
6.6 -0.369 0.0005 0.05
6.633 -0.403 0.0005 0.05
6.667 -0.43 0.0005 0.05
6.7 -0.449 0.0005 0.05
6.733 -0.459 0.0005 0.05
6.767 -0.46 0.0005 0.05
6.8 -0.453 0.0005 0.05
6.833 -0.437 0.0005 0.05
6.867 -0.412 0.0005 0.05
6.9 -0.379 0.0005 0.05
6.933 -0.336 0.0005 0.05
6.967 -0.287 0.0005 0.05
7.0 -0.233 0.0005 0.05
7.033 -0.174 0.0005 0.05
7.067 -0.112 0.0005 0.05
7.1 -0.04706 0.0005 0.05
7.133 0.0182 0.0005 0.05
7.167 0.08295 0.0005 0.05
7.2 0.146 0.0005 0.05
7.233 0.205 0.0005 0.05
7.267 0.261 0.0005 0.05
7.3 0.311 0.0005 0.05
7.333 0.355 0.0005 0.05
7.367 0.392 0.0005 0.05
7.4 0.421 0.0005 0.05
7.433 0.442 0.0005 0.05
7.467 0.454 0.0005 0.05
7.5 0.457 0.0005 0.05
7.533 0.452 0.0005 0.05
7.567 0.438 0.0005 0.05
7.6 0.416 0.0005 0.05
7.633 0.385 0.0005 0.05
7.667 0.346 0.0005 0.05
7.7 0.3 0.0005 0.05
7.733 0.249 0.0005 0.05
7.767 0.193 0.0005 0.05
7.8 0.133 0.0005 0.05
7.833 0.06995 0.0005 0.05
7.867 0.005842 0.0005 0.05
7.9 -0.05853 0.0005 0.05
7.933 -0.122 0.0005 0.05
7.967 -0.182 0.0005 0.05
8.0 -0.239 0.0005 0.05
8.033 -0.292 0.0005 0.05
8.067 -0.338 0.0005 0.05
8.1 -0.379 0.0005 0.05
8.133 -0.413 0.0005 0.05
8.167 -0.438 0.0005 0.05
8.2 -0.455 0.0005 0.05
8.233 -0.464 0.0005 0.05
8.267 -0.465 0.0005 0.05
8.3 -0.457 0.0005 0.05
8.333 -0.441 0.0005 0.05
8.367 -0.416 0.0005 0.05
8.4 -0.381 0.0005 0.05
8.433 -0.338 0.0005 0.05
8.467 -0.288 0.0005 0.05
8.5 -0.232 0.0005 0.05
8.533 -0.173 0.0005 0.05
8.567 -0.111 0.0005 0.05
8.6 -0.04634 0.0005 0.05
8.633 0.01866 0.0005 0.05
8.667 0.0832 0.0005 0.05
8.7 0.146 0.0005 0.05
8.733 0.206 0.0005 0.05
8.767 0.261 0.0005 0.05
8.8 0.31 0.0005 0.05
8.833 0.354 0.0005 0.05
8.867 0.391 0.0005 0.05
8.9 0.42 0.0005 0.05
8.933 0.44 0.0005 0.05
8.967 0.451 0.0005 0.05
9.0 0.454 0.0005 0.05
9.033 0.448 0.0005 0.05
9.067 0.433 0.0005 0.05
9.1 0.41 0.0005 0.05
9.133 0.378 0.0005 0.05
9.167 0.339 0.0005 0.05
9.2 0.293 0.0005 0.05
9.233 0.241 0.0005 0.05
9.267 0.184 0.0005 0.05
9.3 0.124 0.0005 0.05
9.333 0.0604 0.0005 0.05
9.367 -0.003801 0.0005 0.05
9.4 -0.06766 0.0005 0.05
9.433 -0.13 0.0005 0.05
9.467 -0.19 0.0005 0.05
9.5 -0.246 0.0005 0.05
9.533 -0.298 0.0005 0.05
9.567 -0.343 0.0005 0.05
9.6 -0.382 0.0005 0.05
9.633 -0.414 0.0005 0.05
9.667 -0.438 0.0005 0.05
9.7 -0.453 0.0005 0.05
9.733 -0.46 0.0005 0.05
9.767 -0.46 0.0005 0.05
9.8 -0.451 0.0005 0.05
9.833 -0.434 0.0005 0.05
9.867 -0.408 0.0005 0.05
9.9 -0.373 0.0005 0.05
9.933 -0.331 0.0005 0.05
9.967 -0.283 0.0005 0.05
10.0 -0.23 0.0005 0.05
10.033 -0.173 0.0005 0.05
10.067 -0.113 0.0005 0.05
10.1 -0.05123 0.0005 0.05
10.133 0.01129 0.0005 0.05
10.167 0.0732 0.0005 0.05
10.2 0.133 0.0005 0.05
10.233 0.19 0.0005 0.05
10.267 0.242 0.0005 0.05
10.3 0.289 0.0005 0.05
10.333 0.365 0.0005 0.05
10.367 0.399 0.0005 0.05
10.4 0.425 0.0005 0.05
10.433 0.445 0.0005 0.05
10.467 0.455 0.0005 0.05
10.5 0.457 0.0005 0.05
10.533 0.45 0.0005 0.05
10.567 0.436 0.0005 0.05
10.6 0.413 0.0005 0.05
10.633 0.382 0.0005 0.05
10.667 0.343 0.0005 0.05
10.7 0.298 0.0005 0.05
10.733 0.248 0.0005 0.05
10.767 0.192 0.0005 0.05
10.8 0.134 0.0005 0.05
10.833 0.07215 0.0005 0.05
10.867 0.009415 0.0005 0.05
10.9 -0.05331 0.0005 0.05
10.933 -0.114 0.0005 0.05
10.967 -0.173 0.0005 0.05
11.0 -0.227 0.0005 0.05
11.033 -0.277 0.0005 0.05
11.067 -0.322 0.0005 0.05
11.1 -0.359 0.0005 0.05
11.133 -0.39 0.0005 0.05
11.167 -0.413 0.0005 0.05
11.2 -0.428 0.0005 0.05
11.233 -0.434 0.0005 0.05
11.267 -0.433 0.0005 0.05
11.3 -0.422 0.0005 0.05
11.333 -0.4 0.0005 0.05
11.367 -0.37 0.0005 0.05
11.4 -0.333 0.0005 0.05
11.433 -0.289 0.0005 0.05
11.467 -0.239 0.0005 0.05
11.5 -0.185 0.0005 0.05
11.533 -0.126 0.0005 0.05
11.567 -0.06534 0.0005 0.05
11.6 -0.003102 0.0005 0.05
11.633 0.05953 0.0005 0.05
11.667 0.121 0.0005 0.05
11.7 0.18 0.0005 0.05
11.733 0.235 0.0005 0.05
11.767 0.286 0.0005 0.05
11.8 0.332 0.0005 0.05
11.833 0.371 0.0005 0.05
11.867 0.404 0.0005 0.05
11.9 0.429 0.0005 0.05
11.933 0.446 0.0005 0.05
11.967 0.455 0.0005 0.05
12.0 0.455 0.0005 0.05
12.033 0.447 0.0005 0.05
12.067 0.431 0.0005 0.05
12.1 0.406 0.0005 0.05
12.133 0.373 0.0005 0.05
12.167 0.333 0.0005 0.05
12.2 0.287 0.0005 0.05
12.233 0.236 0.0005 0.05
12.267 0.18 0.0005 0.05
12.3 0.12 0.0005 0.05
12.333 0.05892 0.0005 0.05
12.367 -0.00279 0.0005 0.05
12.4 -0.06448 0.0005 0.05
12.433 -0.124 0.0005 0.05
12.467 -0.181 0.0005 0.05
12.5 -0.234 0.0005 0.05
12.533 -0.283 0.0005 0.05
12.567 -0.325 0.0005 0.05
12.6 -0.361 0.0005 0.05
12.633 -0.389 0.0005 0.05
12.667 -0.41 0.0005 0.05
12.7 -0.423 0.0005 0.05
12.733 -0.428 0.0005 0.05
12.767 -0.425 0.0005 0.05
12.8 -0.414 0.0005 0.05
12.833 -0.394 0.0005 0.05
12.867 -0.366 0.0005 0.05
12.9 -0.329 0.0005 0.05
12.933 -0.287 0.0005 0.05
12.967 -0.239 0.0005 0.05
13.0 -0.186 0.0005 0.05
13.033 -0.129 0.0005 0.05
13.067 -0.06979 0.0005 0.05
13.1 -0.009613 0.0005 0.05
13.133 0.05106 0.0005 0.05
13.167 0.111 0.0005 0.05
13.2 0.168 0.0005 0.05
13.233 0.221 0.0005 0.05
13.267 0.27 0.0005 0.05
13.3 0.314 0.0005 0.05
13.333 0.352 0.0005 0.05
13.367 0.383 0.0005 0.05
13.4 0.406 0.0005 0.05
13.433 0.421 0.0005 0.05
13.467 0.428 0.0005 0.05
13.5 0.428 0.0005 0.05
13.533 0.419 0.0005 0.05
13.567 0.402 0.0005 0.05
13.6 0.377 0.0005 0.05
13.633 0.345 0.0005 0.05
13.667 0.305 0.0005 0.05
13.7 0.26 0.0005 0.05
13.733 0.21 0.0005 0.05
13.767 0.156 0.0005 0.05
13.8 0.09808 0.0005 0.05
13.833 0.03854 0.0005 0.05
13.867 -0.02237 0.0005 0.05
13.9 -0.08226 0.0005 0.05
13.933 -0.14 0.0005 0.05
13.967 -0.195 0.0005 0.05
14.0 -0.246 0.0005 0.05
14.033 -0.291 0.0005 0.05
14.067 -0.331 0.0005 0.05
14.1 -0.364 0.0005 0.05
14.133 -0.39 0.0005 0.05
14.167 -0.409 0.0005 0.05
14.2 -0.42 0.0005 0.05
14.233 -0.423 0.0005 0.05
14.267 -0.419 0.0005 0.05
14.3 -0.404 0.0005 0.05
14.333 -0.38 0.0005 0.05
14.367 -0.349 0.0005 0.05
14.4 -0.311 0.0005 0.05
14.433 -0.266 0.0005 0.05
14.467 -0.216 0.0005 0.05
14.5 -0.163 0.0005 0.05
14.533 -0.106 0.0005 0.05
14.567 -0.04754 0.0005 0.05
14.6 0.01255 0.0005 0.05
14.633 0.0721 0.0005 0.05
14.667 0.13 0.0005 0.05
14.7 0.185 0.0005 0.05
14.733 0.237 0.0005 0.05
14.767 0.284 0.0005 0.05
14.8 0.326 0.0005 0.05
14.833 0.361 0.0005 0.05
14.867 0.389 0.0005 0.05
14.9 0.411 0.0005 0.05
14.933 0.424 0.0005 0.05
14.967 0.429 0.0005 0.05
15.0 0.426 0.0005 0.05
15.033 0.415 0.0005 0.05
15.067 0.396 0.0005 0.05
15.1 0.369 0.0005 0.05
15.133 0.335 0.0005 0.05
15.167 0.294 0.0005 0.05
15.2 0.247 0.0005 0.05
15.233 0.196 0.0005 0.05
15.267 0.14 0.0005 0.05
15.3 0.08213 0.0005 0.05
15.333 0.02278 0.0005 0.05
15.367 -0.03703 0.0005 0.05
15.4 -0.09515 0.0005 0.05
15.433 -0.152 0.0005 0.05
15.467 -0.204 0.0005 0.05
15.5 -0.254 0.0005 0.05
15.533 -0.297 0.0005 0.05
15.567 -0.335 0.0005 0.05
15.6 -0.366 0.0005 0.05
15.633 -0.391 0.0005 0.05
15.667 -0.408 0.0005 0.05
15.7 -0.417 0.0005 0.05
15.733 -0.418 0.0005 0.05
15.767 -0.412 0.0005 0.05
15.8 -0.397 0.0005 0.05
15.833 -0.375 0.0005 0.05
15.867 -0.344 0.0005 0.05
15.9 -0.306 0.0005 0.05
15.933 -0.263 0.0005 0.05
15.967 -0.215 0.0005 0.05
16.0 -0.163 0.0005 0.05
16.033 -0.108 0.0005 0.05
16.067 -0.05026 0.0005 0.05
16.1 0.007821 0.0005 0.05
16.133 0.06545 0.0005 0.05
16.167 0.122 0.0005 0.05
16.2 0.175 0.0005 0.05
16.233 0.225 0.0005 0.05
16.267 0.269 0.0005 0.05
16.3 0.309 0.0005 0.05
16.333 0.342 0.0005 0.05
16.367 0.368 0.0005 0.05
16.4 0.387 0.0005 0.05
16.433 0.398 0.0005 0.05
16.467 0.402 0.0005 0.05
16.5 0.397 0.0005 0.05
16.533 0.385 0.0005 0.05
16.567 0.365 0.0005 0.05
16.6 0.338 0.0005 0.05
16.633 0.303 0.0005 0.05
16.667 0.263 0.0005 0.05
16.7 0.217 0.0005 0.05
16.733 0.167 0.0005 0.05
16.767 0.113 0.0005 0.05
16.8 0.05675 0.0005 0.05
16.833 -0.001083 0.0005 0.05
16.867 -0.05914 0.0005 0.05
16.9 -0.116 0.0005 0.05
16.933 -0.17 0.0005 0.05
16.967 -0.221 0.0005 0.05
17.0 -0.267 0.0005 0.05
17.033 -0.308 0.0005 0.05
17.067 -0.344 0.0005 0.05
17.1 -0.372 0.0005 0.05
17.133 -0.394 0.0005 0.05
17.167 -0.409 0.0005 0.05
17.2 -0.415 0.0005 0.05
17.233 -0.414 0.0005 0.05
17.267 -0.405 0.0005 0.05
17.3 -0.386 0.0005 0.05
17.333 -0.361 0.0005 0.05
17.367 -0.328 0.0005 0.05
17.4 -0.289 0.0005 0.05
17.433 -0.244 0.0005 0.05
17.467 -0.194 0.0005 0.05
17.5 -0.141 0.0005 0.05
17.533 -0.08524 0.0005 0.05
17.567 -0.02787 0.0005 0.05
17.6 0.02987 0.0005 0.05
17.633 0.08657 0.0005 0.05
17.667 0.141 0.0005 0.05
17.7 0.193 0.0005 0.05
17.733 0.24 0.0005 0.05
17.767 0.283 0.0005 0.05
17.8 0.32 0.0005 0.05
17.833 0.35 0.0005 0.05
17.867 0.374 0.0005 0.05
17.9 0.389 0.0005 0.05
17.933 0.398 0.0005 0.05
17.967 0.398 0.0005 0.05
18.0 0.392 0.0005 0.05
18.033 0.377 0.0005 0.05
18.067 0.355 0.0005 0.05
18.1 0.326 0.0005 0.05
18.133 0.29 0.0005 0.05
18.167 0.248 0.0005 0.05
18.2 0.201 0.0005 0.05
18.233 0.15 0.0005 0.05
18.267 0.09519 0.0005 0.05
18.3 0.03888 0.0005 0.05
18.333 -0.01813 0.0005 0.05
18.367 -0.07498 0.0005 0.05
18.4 -0.13 0.0005 0.05
18.433 -0.184 0.0005 0.05
18.467 -0.233 0.0005 0.05
18.5 -0.277 0.0005 0.05
18.533 -0.316 0.0005 0.05
18.567 -0.349 0.0005 0.05
18.6 -0.375 0.0005 0.05
18.633 -0.395 0.0005 0.05
18.667 -0.406 0.0005 0.05
18.7 -0.411 0.0005 0.05
18.733 -0.409 0.0005 0.05
18.767 -0.398 0.0005 0.05
18.8 -0.379 0.0005 0.05
18.833 -0.353 0.0005 0.05
18.867 -0.321 0.0005 0.05
18.9 -0.281 0.0005 0.05
18.933 -0.238 0.0005 0.05
18.967 -0.189 0.0005 0.05
19.0 -0.138 0.0005 0.05
19.033 -0.0837 0.0005 0.05
19.067 -0.02847 0.0005 0.05
19.1 0.02687 0.0005 0.05
19.133 0.08107 0.0005 0.05
19.167 0.133 0.0005 0.05
19.2 0.182 0.0005 0.05
19.233 0.227 0.0005 0.05
19.267 0.267 0.0005 0.05
19.3 0.301 0.0005 0.05
19.333 0.328 0.0005 0.05
19.367 0.348 0.0005 0.05
19.4 0.361 0.0005 0.05
19.433 0.367 0.0005 0.05
19.467 0.365 0.0005 0.05
19.5 0.404 0.0005 0.05
19.533 0.388 0.0005 0.05
19.567 0.364 0.0005 0.05
19.6 0.35 0.0005 0.05
19.633 0.299 0.0005 0.05
19.667 0.258 0.0005 0.05
19.7 0.211 0.0005 0.05
19.733 0.161 0.0005 0.05
19.767 0.108 0.0005 0.05
19.8 0.05285 0.0005 0.05
19.833 -0.003036 0.0005 0.05
19.867 -0.05816 0.0005 0.05
19.9 -0.112 0.0005 0.05
19.933 -0.163 0.0005 0.05
19.967 -0.209 0.0005 0.05
20.0 -0.251 0.0005 0.05
20.033 -0.288 0.0005 0.05
20.067 -0.32 0.0005 0.05
20.1 -0.344 0.0005 0.05
20.133 -0.361 0.0005 0.05
20.167 -0.371 0.0005 0.05
20.2 -0.373 0.0005 0.05
20.233 -0.368 0.0005 0.05
20.267 -0.356 0.0005 0.05
20.3 -0.336 0.0005 0.05
20.333 -0.308 0.0005 0.05
20.367 -0.272 0.0005 0.05
20.4 -0.231 0.0005 0.05
20.433 -0.184 0.0005 0.05
20.467 -0.134 0.0005 0.05
20.5 -0.08025 0.0005 0.05
20.533 -0.02529 0.0005 0.05
20.567 0.03089 0.0005 0.05
20.6 0.08662 0.0005 0.05
20.633 0.142 0.0005 0.05
20.667 0.193 0.0005 0.05
20.7 0.241 0.0005 0.05
20.733 0.285 0.0005 0.05
20.767 0.325 0.0005 0.05
20.8 0.357 0.0005 0.05
20.833 0.384 0.0005 0.05
20.867 0.403 0.0005 0.05
20.9 0.415 0.0005 0.05
20.933 0.42 0.0005 0.05
20.967 0.417 0.0005 0.05
21.0 0.406 0.0005 0.05
21.033 0.388 0.0005 0.05
21.067 0.362 0.0005 0.05
21.1 0.33 0.0005 0.05
21.133 0.292 0.0005 0.05
21.167 0.248 0.0005 0.05
21.2 0.201 0.0005 0.05
21.233 0.15 0.0005 0.05
21.267 0.09681 0.0005 0.05
21.3 0.04202 0.0005 0.05
21.333 -0.01295 0.0005 0.05
21.367 -0.06704 0.0005 0.05
21.4 -0.12 0.0005 0.05
21.433 -0.169 0.0005 0.05
21.467 -0.214 0.0005 0.05
21.5 -0.255 0.0005 0.05
21.533 -0.29 0.0005 0.05
21.567 -0.319 0.0005 0.05
21.6 -0.341 0.0005 0.05
21.633 -0.355 0.0005 0.05
21.667 -0.362 0.0005 0.05
21.7 -0.362 0.0005 0.05
21.733 -0.355 0.0005 0.05
21.767 -0.34 0.0005 0.05
21.8 -0.318 0.0005 0.05
21.833 -0.288 0.0005 0.05
21.867 -0.252 0.0005 0.05
21.9 -0.211 0.0005 0.05
21.933 -0.165 0.0005 0.05
21.967 -0.116 0.0005 0.05
22.0 -0.0632 0.0005 0.05
22.033 -0.009512 0.0005 0.05
22.067 0.04494 0.0005 0.05
22.1 0.09849 0.0005 0.05
22.133 0.15 0.0005 0.05
22.167 0.199 0.0005 0.05
22.2 0.244 0.0005 0.05
22.233 0.285 0.0005 0.05
22.267 0.321 0.0005 0.05
22.3 0.35 0.0005 0.05
22.333 0.373 0.0005 0.05
22.367 0.389 0.0005 0.05
22.4 0.397 0.0005 0.05
22.433 0.398 0.0005 0.05
22.467 0.392 0.0005 0.05
22.5 0.378 0.0005 0.05
22.533 0.357 0.0005 0.05
22.567 0.33 0.0005 0.05
22.6 0.296 0.0005 0.05
22.633 0.256 0.0005 0.05
22.667 0.212 0.0005 0.05
22.7 0.163 0.0005 0.05
22.733 0.113 0.0005 0.05
22.767 0.05979 0.0005 0.05
22.8 0.005922 0.0005 0.05
22.833 -0.04759 0.0005 0.05
22.867 -0.09971 0.0005 0.05
22.9 -0.149 0.0005 0.05
22.933 -0.196 0.0005 0.05
22.967 -0.238 0.0005 0.05
23.0 -0.275 0.0005 0.05
23.033 -0.307 0.0005 0.05
23.067 -0.333 0.0005 0.05
23.1 -0.351 0.0005 0.05
23.133 -0.362 0.0005 0.05
23.167 -0.366 0.0005 0.05
23.2 -0.364 0.0005 0.05
23.233 -0.353 0.0005 0.05
23.267 -0.336 0.0005 0.05
23.3 -0.311 0.0005 0.05
23.333 -0.28 0.0005 0.05
23.367 -0.242 0.0005 0.05
23.4 -0.2 0.0005 0.05
23.433 -0.153 0.0005 0.05
23.467 -0.104 0.0005 0.05
23.5 -0.05148 0.0005 0.05
23.533 0.001726 0.0005 0.05
23.567 0.05513 0.0005 0.05
23.6 0.108 0.0005 0.05
23.633 0.158 0.0005 0.05
23.667 0.205 0.0005 0.05
23.7 0.249 0.0005 0.05
23.733 0.288 0.0005 0.05
23.767 0.321 0.0005 0.05
23.8 0.348 0.0005 0.05
23.833 0.369 0.0005 0.05
23.867 0.382 0.0005 0.05
23.9 0.388 0.0005 0.05
23.933 0.387 0.0005 0.05
23.967 0.38 0.0005 0.05
24.0 0.364 0.0005 0.05
24.033 0.342 0.0005 0.05
24.067 0.313 0.0005 0.05
24.1 0.278 0.0005 0.05
24.133 0.238 0.0005 0.05
24.167 0.194 0.0005 0.05
24.2 0.146 0.0005 0.05
24.233 0.0962 0.0005 0.05
24.267 0.0446 0.0005 0.05
24.3 -0.007664 0.0005 0.05
24.333 -0.05888 0.0005 0.05
24.367 -0.109 0.0005 0.05
24.4 -0.155 0.0005 0.05
24.433 -0.199 0.0005 0.05
24.467 -0.238 0.0005 0.05
24.5 -0.272 0.0005 0.05
24.533 -0.3 0.0005 0.05
24.567 -0.323 0.0005 0.05
24.6 -0.339 0.0005 0.05
24.633 -0.348 0.0005 0.05
24.667 -0.349 0.0005 0.05
24.7 -0.344 0.0005 0.05
24.733 -0.331 0.0005 0.05
24.767 -0.311 0.0005 0.05
24.8 -0.285 0.0005 0.05
24.833 -0.251 0.0005 0.05
24.867 -0.213 0.0005 0.05
24.9 -0.17 0.0005 0.05
24.933 -0.123 0.0005 0.05
24.967 -0.07383 0.0005 0.05
25.0 -0.02229 0.0005 0.05
25.033 0.03025 0.0005 0.05
25.067 0.08261 0.0005 0.05
25.1 0.134 0.0005 0.05
25.133 0.182 0.0005 0.05
25.167 0.227 0.0005 0.05
25.2 0.268 0.0005 0.05
25.233 0.304 0.0005 0.05
25.267 0.334 0.0005 0.05
25.3 0.358 0.0005 0.05
25.333 0.376 0.0005 0.05
25.367 0.386 0.0005 0.05
25.4 0.389 0.0005 0.05
25.433 0.386 0.0005 0.05
25.467 0.375 0.0005 0.05
25.5 0.357 0.0005 0.05
25.533 0.333 0.0005 0.05
25.567 0.302 0.0005 0.05
25.6 0.266 0.0005 0.05
25.633 0.224 0.0005 0.05
25.667 0.18 0.0005 0.05
25.7 0.131 0.0005 0.05
25.733 0.07927 0.0005 0.05
25.767 0.0273 0.0005 0.05
25.8 -0.0248 0.0005 0.05
25.833 -0.07594 0.0005 0.05
25.867 -0.126 0.0005 0.05
25.9 -0.172 0.0005 0.05
25.933 -0.215 0.0005 0.05
25.967 -0.253 0.0005 0.05
26.0 -0.286 0.0005 0.05
26.033 -0.313 0.0005 0.05
26.067 -0.333 0.0005 0.05
26.1 -0.346 0.0005 0.05
26.133 -0.352 0.0005 0.05
26.167 -0.352 0.0005 0.05
26.2 -0.344 0.0005 0.05
26.233 -0.33 0.0005 0.05
26.267 -0.308 0.0005 0.05
26.3 -0.279 0.0005 0.05
26.333 -0.244 0.0005 0.05
26.367 -0.205 0.0005 0.05
26.4 -0.162 0.0005 0.05
26.433 -0.116 0.0005 0.05
26.467 -0.06633 0.0005 0.05
26.5 -0.01511 0.0005 0.05
26.533 0.03615 0.0005 0.05
26.567 0.08659 0.0005 0.05
26.6 0.136 0.0005 0.05
26.633 0.182 0.0005 0.05
26.667 0.225 0.0005 0.05
26.7 0.263 0.0005 0.05
26.733 0.296 0.0005 0.05
26.767 0.324 0.0005 0.05
26.8 0.345 0.0005 0.05
26.833 0.359 0.0005 0.05
26.867 0.367 0.0005 0.05
26.9 0.368 0.0005 0.05
26.933 0.362 0.0005 0.05
26.967 0.349 0.0005 0.05
27.0 0.329 0.0005 0.05
27.033 0.303 0.0005 0.05
27.067 0.272 0.0005 0.05
27.1 0.234 0.0005 0.05
27.133 0.193 0.0005 0.05
27.167 0.148 0.0005 0.05
27.2 0.09957 0.0005 0.05
27.233 0.04985 0.0005 0.05
27.267 -0.0004615 0.0005 0.05
27.3 -0.05056 0.0005 0.05
27.333 -0.09978 0.0005 0.05
27.367 -0.147 0.0005 0.05
27.4 -0.19 0.0005 0.05
27.433 -0.229 0.0005 0.05
27.467 -0.264 0.0005 0.05
27.5 -0.293 0.0005 0.05
27.533 -0.317 0.0005 0.05
27.567 -0.333 0.0005 0.05
27.6 -0.344 0.0005 0.05
27.633 -0.348 0.0005 0.05
27.667 -0.344 0.0005 0.05
27.7 -0.334 0.0005 0.05
27.733 -0.317 0.0005 0.05
27.767 -0.293 0.0005 0.05
27.8 -0.262 0.0005 0.05
27.833 -0.226 0.0005 0.05
27.867 -0.186 0.0005 0.05
27.9 -0.14 0.0005 0.05
27.933 -0.09202 0.0005 0.05
27.967 -0.04183 0.0005 0.05
28.0 0.009123 0.0005 0.05
28.033 0.05961 0.0005 0.05
28.067 0.109 0.0005 0.05
28.1 0.157 0.0005 0.05
28.133 0.201 0.0005 0.05
28.167 0.242 0.0005 0.05
28.2 0.278 0.0005 0.05
28.233 0.309 0.0005 0.05
28.267 0.334 0.0005 0.05
28.3 0.352 0.0005 0.05
28.333 0.365 0.0005 0.05
28.367 0.37 0.0005 0.05
28.4 0.368 0.0005 0.05
28.433 0.36 0.0005 0.05
28.467 0.345 0.0005 0.05
28.5 0.324 0.0005 0.05
28.533 0.296 0.0005 0.05
28.567 0.263 0.0005 0.05
28.6 0.225 0.0005 0.05
28.633 0.182 0.0005 0.05
28.667 0.136 0.0005 0.05
28.7 0.08735 0.0005 0.05
28.733 0.03774 0.0005 0.05
28.767 -0.01215 0.0005 0.05
28.8 -0.06144 0.0005 0.05
28.833 -0.109 0.0005 0.05
28.867 -0.154 0.0005 0.05
28.9 -0.195 0.0005 0.05
28.933 -0.232 0.0005 0.05
28.967 -0.264 0.0005 0.05
29.0 -0.291 0.0005 0.05
29.033 -0.312 0.0005 0.05
29.067 -0.326 0.0005 0.05
29.1 -0.333 0.0005 0.05
29.133 -0.334 0.0005 0.05
29.167 -0.328 0.0005 0.05
29.2 -0.315 0.0005 0.05
29.233 -0.295 0.0005 0.05
29.267 -0.269 0.0005 0.05
29.3 -0.237 0.0005 0.05
29.333 -0.201 0.0005 0.05
29.367 -0.159 0.0005 0.05
29.4 -0.114 0.0005 0.05
29.433 -0.06655 0.0005 0.05
29.467 -0.01773 0.0005 0.05
29.5 0.03137 0.0005 0.05
29.533 0.08063 0.0005 0.05
29.567 0.128 0.0005 0.05
29.6 0.173 0.0005 0.05
29.633 0.215 0.0005 0.05
29.667 0.253 0.0005 0.05
29.7 0.286 0.0005 0.05
29.733 0.313 0.0005 0.05
29.767 0.335 0.0005 0.05
29.8 0.35 0.0005 0.05
29.833 0.358 0.0005 0.05
29.867 0.36 0.0005 0.05
29.9 0.356 0.0005 0.05
29.933 0.345 0.0005 0.05
29.967 0.326 0.0005 0.05
30.0 0.302 0.0005 0.05
30.033 0.272 0.0005 0.05
30.067 0.236 0.0005 0.05
30.1 0.195 0.0005 0.05
30.133 0.151 0.0005 0.05
30.167 0.104 0.0005 0.05
30.2 0.05503 0.0005 0.05
30.233 0.005624 0.0005 0.05
30.267 -0.04372 0.0005 0.05
30.3 -0.09216 0.0005 0.05
30.333 -0.138 0.0005 0.05
30.367 -0.181 0.0005 0.05
30.4 -0.22 0.0005 0.05
30.433 -0.254 0.0005 0.05
30.467 -0.284 0.0005 0.05
30.5 -0.308 0.0005 0.05
30.533 -0.326 0.0005 0.05
30.567 -0.337 0.0005 0.05
30.6 -0.342 0.0005 0.05
30.633 -0.339 0.0005 0.05
30.667 -0.33 0.0005 0.05
30.7 -0.315 0.0005 0.05
30.733 -0.293 0.0005 0.05
30.767 -0.265 0.0005 0.05
30.8 -0.231 0.0005 0.05
30.833 -0.192 0.0005 0.05
30.867 -0.149 0.0005 0.05
30.9 -0.104 0.0005 0.05
30.933 -0.05667 0.0005 0.05
30.967 -0.008361 0.0005 0.05
31.0 0.04046 0.0005 0.05
31.033 0.08842 0.0005 0.05
31.067 0.134 0.0005 0.05
31.1 0.177 0.0005 0.05
31.133 0.216 0.0005 0.05
31.167 0.252 0.0005 0.05
31.2 0.282 0.0005 0.05
31.233 0.307 0.0005 0.05
31.267 0.325 0.0005 0.05
31.3 0.337 0.0005 0.05
31.333 0.344 0.0005 0.05
31.367 0.343 0.0005 0.05
31.4 0.335 0.0005 0.05
31.433 0.321 0.0005 0.05
31.467 0.301 0.0005 0.05
31.5 0.275 0.0005 0.05
31.533 0.243 0.0005 0.05
31.567 0.207 0.0005 0.05
31.6 0.167 0.0005 0.05
31.633 0.124 0.0005 0.05
31.667 0.07744 0.0005 0.05
31.7 0.02959 0.0005 0.05
31.733 -0.01866 0.0005 0.05
31.767 -0.06574 0.0005 0.05
31.8 -0.112 0.0005 0.05
31.833 -0.156 0.0005 0.05
31.867 -0.196 0.0005 0.05
31.9 -0.232 0.0005 0.05
31.933 -0.263 0.0005 0.05
31.967 -0.289 0.0005 0.05
32.0 -0.31 0.0005 0.05
32.033 -0.324 0.0005 0.05
32.067 -0.332 0.0005 0.05
32.1 -0.334 0.0005 0.05
32.133 -0.329 0.0005 0.05
32.167 -0.317 0.0005 0.05
32.2 -0.299 0.0005 0.05
32.233 -0.274 0.0005 0.05
32.267 -0.244 0.0005 0.05
32.3 -0.209 0.0005 0.05
32.333 -0.17 0.0005 0.05
32.367 -0.126 0.0005 0.05
32.4 -0.08001 0.0005 0.05
32.433 -0.03208 0.0005 0.05
32.467 0.01605 0.0005 0.05
32.5 0.06382 0.0005 0.05
32.533 0.11 0.0005 0.05
32.567 0.155 0.0005 0.05
32.6 0.195 0.0005 0.05
32.633 0.233 0.0005 0.05
32.667 0.266 0.0005 0.05
32.7 0.293 0.0005 0.05
32.733 0.315 0.0005 0.05
32.767 0.331 0.0005 0.05
32.8 0.34 0.0005 0.05
32.833 0.342 0.0005 0.05
32.867 0.339 0.0005 0.05
32.9 0.33 0.0005 0.05
32.933 0.313 0.0005 0.05
32.967 0.291 0.0005 0.05
33.0 0.263 0.0005 0.05
33.033 0.231 0.0005 0.05
33.067 0.194 0.0005 0.05
33.1 0.153 0.0005 0.05
33.133 0.109 0.0005 0.05
33.167 0.06317 0.0005 0.05
33.2 0.01639 0.0005 0.05
33.233 -0.03049 0.0005 0.05
33.267 -0.0768 0.0005 0.05
33.3 -0.121 0.0005 0.05
33.333 -0.162 0.0005 0.05
33.367 -0.2 0.0005 0.05
33.4 -0.234 0.0005 0.05
33.433 -0.263 0.0005 0.05
33.467 -0.286 0.0005 0.05
33.5 -0.303 0.0005 0.05
33.533 -0.314 0.0005 0.05
33.567 -0.318 0.0005 0.05
33.6 -0.317 0.0005 0.05
33.633 -0.308 0.0005 0.05
33.667 -0.294 0.0005 0.05
33.7 -0.273 0.0005 0.05
33.733 -0.247 0.0005 0.05
33.767 -0.215 0.0005 0.05
33.8 -0.178 0.0005 0.05
33.833 -0.138 0.0005 0.05
33.867 -0.09418 0.0005 0.05
33.9 -0.04847 0.0005 0.05
33.933 -0.001905 0.0005 0.05
33.967 0.04529 0.0005 0.05
34.0 0.0917 0.0005 0.05
34.033 0.136 0.0005 0.05
34.067 0.178 0.0005 0.05
34.1 0.216 0.0005 0.05
34.133 0.251 0.0005 0.05
34.167 0.28 0.0005 0.05
34.2 0.303 0.0005 0.05
34.233 0.321 0.0005 0.05
34.267 0.334 0.0005 0.05
34.3 0.339 0.0005 0.05
34.333 0.339 0.0005 0.05
34.367 0.332 0.0005 0.05
34.4 0.319 0.0005 0.05
34.433 0.3 0.0005 0.05
34.467 0.275 0.0005 0.05
34.5 0.245 0.0005 0.05
34.533 0.209 0.0005 0.05
34.567 0.17 0.0005 0.05
34.6 0.128 0.0005 0.05
34.633 0.08268 0.0005 0.05
34.667 0.03631 0.0005 0.05
34.7 -0.01037 0.0005 0.05
34.733 -0.05677 0.0005 0.05
34.767 -0.102 0.0005 0.05
34.8 -0.144 0.0005 0.05
34.833 -0.184 0.0005 0.05
34.867 -0.219 0.0005 0.05
34.9 -0.251 0.0005 0.05
34.933 -0.276 0.0005 0.05
34.967 -0.297 0.0005 0.05
35.0 -0.311 0.0005 0.05
35.033 -0.319 0.0005 0.05
35.067 -0.321 0.0005 0.05
35.1 -0.316 0.0005 0.05
35.133 -0.305 0.0005 0.05
35.167 -0.288 0.0005 0.05
35.2 -0.265 0.0005 0.05
35.233 -0.236 0.0005 0.05
35.267 -0.201 0.0005 0.05
35.3 -0.163 0.0005 0.05
35.333 -0.122 0.0005 0.05
35.367 -0.07839 0.0005 0.05
35.4 -0.03348 0.0005 0.05
35.433 0.0121 0.0005 0.05
35.467 0.05741 0.0005 0.05
35.5 0.101 0.0005 0.05
35.533 0.143 0.0005 0.05
35.567 0.182 0.0005 0.05
35.6 0.218 0.0005 0.05
35.633 0.248 0.0005 0.05
35.667 0.274 0.0005 0.05
35.7 0.295 0.0005 0.05
35.733 0.31 0.0005 0.05
35.767 0.319 0.0005 0.05
35.8 0.322 0.0005 0.05
35.833 0.318 0.0005 0.05
35.867 0.309 0.0005 0.05
35.9 0.293 0.0005 0.05
35.933 0.272 0.0005 0.05
35.967 0.245 0.0005 0.05
36.0 0.213 0.0005 0.05
36.033 0.177 0.0005 0.05
36.067 0.137 0.0005 0.05
36.1 0.0946 0.0005 0.05
36.133 0.05013 0.0005 0.05
36.167 0.005022 0.0005 0.05
36.2 -0.04055 0.0005 0.05
36.233 -0.08474 0.0005 0.05
36.267 -0.127 0.0005 0.05
36.3 -0.167 0.0005 0.05
36.333 -0.204 0.0005 0.05
36.367 -0.236 0.0005 0.05
36.4 -0.264 0.0005 0.05
36.433 -0.286 0.0005 0.05
36.467 -0.303 0.0005 0.05
36.5 -0.314 0.0005 0.05
36.533 -0.318 0.0005 0.05
36.567 -0.316 0.0005 0.05
36.6 -0.308 0.0005 0.05
36.633 -0.294 0.0005 0.05
36.667 -0.274 0.0005 0.05
36.7 -0.248 0.0005 0.05
36.733 -0.217 0.0005 0.05
36.767 -0.182 0.0005 0.05
36.8 -0.143 0.0005 0.05
36.833 -0.1 0.0005 0.05
36.867 -0.05673 0.0005 0.05
36.9 -0.01187 0.0005 0.05
36.933 0.03328 0.0005 0.05
36.967 0.07766 0.0005 0.05
37.0 0.12 0.0005 0.05
37.033 0.161 0.0005 0.05
37.067 0.198 0.0005 0.05
37.1 0.231 0.0005 0.05
37.133 0.259 0.0005 0.05
37.167 0.282 0.0005 0.05
37.2 0.3 0.0005 0.05
37.233 0.312 0.0005 0.05
37.267 0.318 0.0005 0.05
37.3 0.318 0.0005 0.05
37.333 0.311 0.0005 0.05
37.367 0.299 0.0005 0.05
37.4 0.28 0.0005 0.05
37.433 0.257 0.0005 0.05
37.467 0.229 0.0005 0.05
37.5 0.195 0.0005 0.05
37.533 0.158 0.0005 0.05
37.567 0.118 0.0005 0.05
37.6 0.07552 0.0005 0.05
37.633 0.03122 0.0005 0.05
37.667 -0.01384 0.0005 0.05
37.7 -0.05776 0.0005 0.05
37.733 -0.101 0.0005 0.05
37.767 -0.141 0.0005 0.05
37.8 -0.179 0.0005 0.05
37.833 -0.214 0.0005 0.05
37.867 -0.243 0.0005 0.05
37.9 -0.268 0.0005 0.05
37.933 -0.287 0.0005 0.05
37.967 -0.301 0.0005 0.05
38.0 -0.308 0.0005 0.05
38.033 -0.31 0.0005 0.05
38.067 -0.305 0.0005 0.05
38.1 -0.295 0.0005 0.05
38.133 -0.277 0.0005 0.05
38.167 -0.254 0.0005 0.05
38.2 -0.225 0.0005 0.05
38.233 -0.192 0.0005 0.05
38.267 -0.156 0.0005 0.05
38.3 -0.115 0.0005 0.05
38.333 -0.0727 0.0005 0.05
38.367 -0.02887 0.0005 0.05
38.4 0.01581 0.0005 0.05
38.433 0.05991 0.0005 0.05
38.467 0.103 0.0005 0.05
38.5 0.144 0.0005 0.05
38.533 0.182 0.0005 0.05
38.567 0.216 0.0005 0.05
38.6 0.247 0.0005 0.05
38.633 0.272 0.0005 0.05
38.667 0.292 0.0005 0.05
38.7 0.307 0.0005 0.05
38.733 0.317 0.0005 0.05
38.767 0.319 0.0005 0.05
38.8 0.316 0.0005 0.05
38.833 0.307 0.0005 0.05
38.867 0.292 0.0005 0.05
38.9 0.271 0.0005 0.05
38.933 0.245 0.0005 0.05
38.967 0.215 0.0005 0.05
39.0 0.18 0.0005 0.05
39.033 0.142 0.0005 0.05
39.067 0.1 0.0005 0.05
39.1 0.05786 0.0005 0.05
39.133 0.01432 0.0005 0.05
39.167 -0.02999 0.0005 0.05
39.2 -0.07307 0.0005 0.05
39.233 -0.114 0.0005 0.05
39.267 -0.153 0.0005 0.05
39.3 -0.188 0.0005 0.05
39.333 -0.219 0.0005 0.05
39.367 -0.245 0.0005 0.05
39.4 -0.266 0.0005 0.05
39.433 -0.282 0.0005 0.05
39.467 -0.292 0.0005 0.05
39.5 -0.297 0.0005 0.05
39.533 -0.295 0.0005 0.05
39.567 -0.288 0.0005 0.05
39.6 -0.274 0.0005 0.05
39.633 -0.254 0.0005 0.05
39.667 -0.229 0.0005 0.05
39.7 -0.199 0.0005 0.05
39.733 -0.165 0.0005 0.05
39.767 -0.128 0.0005 0.05
39.8 -0.08726 0.0005 0.05
39.833 -0.04456 0.0005 0.05
39.867 -0.0009335 0.0005 0.05
39.9 0.04262 0.0005 0.05
39.933 0.08562 0.0005 0.05
39.967 0.127 0.0005 0.05
40.0 0.166 0.0005 0.05
40.033 0.201 0.0005 0.05
40.067 0.233 0.0005 0.05
40.1 0.26 0.0005 0.05
40.133 0.282 0.0005 0.05
40.167 0.299 0.0005 0.05
40.2 0.31 0.0005 0.05
40.233 0.316 0.0005 0.05
40.267 0.315 0.0005 0.05
40.3 0.309 0.0005 0.05
40.333 0.296 0.0005 0.05
40.367 0.278 0.0005 0.05
40.4 0.254 0.0005 0.05
40.433 0.226 0.0005 0.05
40.467 0.193 0.0005 0.05
40.5 0.156 0.0005 0.05
40.533 0.116 0.0005 0.05
40.567 0.07429 0.0005 0.05
40.6 0.03122 0.0005 0.05
40.633 -0.01205 0.0005 0.05
40.667 -0.05508 0.0005 0.05
40.7 -0.09671 0.0005 0.05
40.733 -0.136 0.0005 0.05
40.767 -0.173 0.0005 0.05
40.8 -0.206 0.0005 0.05
40.833 -0.235 0.0005 0.05
40.867 -0.258 0.0005 0.05
40.9 -0.277 0.0005 0.05
40.933 -0.289 0.0005 0.05
40.967 -0.296 0.0005 0.05
41.0 -0.297 0.0005 0.05
41.033 -0.292 0.0005 0.05
41.067 -0.281 0.0005 0.05
41.1 -0.265 0.0005 0.05
41.133 -0.242 0.0005 0.05
41.167 -0.215 0.0005 0.05
41.2 -0.183 0.0005 0.05
41.233 -0.148 0.0005 0.05
41.267 -0.109 0.0005 0.05
41.3 -0.06817 0.0005 0.05
41.333 -0.02568 0.0005 0.05
41.367 0.01713 0.0005 0.05
41.4 0.05919 0.0005 0.05
41.433 0.101 0.0005 0.05
41.467 0.14 0.0005 0.05
41.5 0.176 0.0005 0.05
41.533 0.209 0.0005 0.05
41.567 0.237 0.0005 0.05
41.6 0.261 0.0005 0.05
41.633 0.28 0.0005 0.05
41.667 0.293 0.0005 0.05
41.7 0.301 0.0005 0.05
41.733 0.303 0.0005 0.05
41.767 0.299 0.0005 0.05
41.8 0.289 0.0005 0.05
41.833 0.274 0.0005 0.05
41.867 0.253 0.0005 0.05
41.9 0.228 0.0005 0.05
41.933 0.197 0.0005 0.05
41.967 0.162 0.0005 0.05
42.0 0.125 0.0005 0.05
42.033 0.08502 0.0005 0.05
42.067 0.04328 0.0005 0.05
42.1 9.173e-05 0.0005 0.05
42.133 -0.04254 0.0005 0.05
42.167 -0.08412 0.0005 0.05
42.2 -0.124 0.0005 0.05
42.233 -0.162 0.0005 0.05
42.267 -0.196 0.0005 0.05
42.3 -0.226 0.0005 0.05
42.333 -0.251 0.0005 0.05
42.367 -0.272 0.0005 0.05
42.4 -0.286 0.0005 0.05
42.433 -0.296 0.0005 0.05
42.467 -0.3 0.0005 0.05
42.5 -0.298 0.0005 0.05
42.533 -0.29 0.0005 0.05
42.567 -0.276 0.0005 0.05
42.6 -0.257 0.0005 0.05
42.633 -0.233 0.0005 0.05
42.667 -0.203 0.0005 0.05
42.7 -0.17 0.0005 0.05
42.733 -0.133 0.0005 0.05
42.767 -0.09376 0.0005 0.05
42.8 -0.05295 0.0005 0.05
42.833 -0.01159 0.0005 0.05
42.867 0.03026 0.0005 0.05
42.9 0.07127 0.0005 0.05
42.933 0.111 0.0005 0.05
42.967 0.148 0.0005 0.05
43.0 0.182 0.0005 0.05
43.033 0.213 0.0005 0.05
43.067 0.239 0.0005 0.05
43.1 0.26 0.0005 0.05
43.133 0.275 0.0005 0.05
43.167 0.285 0.0005 0.05
43.2 0.29 0.0005 0.05
43.233 0.289 0.0005 0.05
43.267 0.282 0.0005 0.05
43.3 0.27 0.0005 0.05
43.333 0.252 0.0005 0.05
43.367 0.229 0.0005 0.05
43.4 0.201 0.0005 0.05
43.433 0.169 0.0005 0.05
43.467 0.135 0.0005 0.05
43.5 0.09701 0.0005 0.05
43.533 0.05709 0.0005 0.05
43.567 0.01599 0.0005 0.05
43.6 -0.02547 0.0005 0.05
43.633 -0.06613 0.0005 0.05
43.667 -0.106 0.0005 0.05
43.7 -0.143 0.0005 0.05
43.733 -0.178 0.0005 0.05
43.767 -0.209 0.0005 0.05
43.8 -0.236 0.0005 0.05
43.833 -0.259 0.0005 0.05
43.867 -0.276 0.0005 0.05
43.9 -0.287 0.0005 0.05
43.933 -0.293 0.0005 0.05
43.967 -0.294 0.0005 0.05
44.0 -0.288 0.0005 0.05
44.033 -0.277 0.0005 0.05
44.067 -0.26 0.0005 0.05
44.1 -0.237 0.0005 0.05
44.133 -0.211 0.0005 0.05
44.167 -0.179 0.0005 0.05
44.2 -0.144 0.0005 0.05
44.233 -0.107 0.0005 0.05
44.267 -0.06697 0.0005 0.05
44.3 -0.02604 0.0005 0.05
44.333 0.01546 0.0005 0.05
44.367 0.05613 0.0005 0.05
44.4 0.09576 0.0005 0.05
44.433 0.133 0.0005 0.05
44.467 0.168 0.0005 0.05
44.5 0.199 0.0005 0.05
44.533 0.226 0.0005 0.05
44.567 0.248 0.0005 0.05
44.6 0.266 0.0005 0.05
44.633 0.278 0.0005 0.05
44.667 0.286 0.0005 0.05
44.7 0.287 0.0005 0.05
44.733 0.282 0.0005 0.05
44.767 0.273 0.0005 0.05
44.8 0.257 0.0005 0.05
44.833 0.237 0.0005 0.05
44.867 0.211 0.0005 0.05
44.9 0.182 0.0005 0.05
44.933 0.149 0.0005 0.05
44.967 0.113 0.0005 0.05
45.0 0.07512 0.0005 0.05
45.033 0.03503 0.0005 0.05
45.067 -0.006006 0.0005 0.05
45.1 -0.04689 0.0005 0.05
45.133 -0.08672 0.0005 0.05
45.167 -0.125 0.0005 0.05
45.2 -0.16 0.0005 0.05
45.233 -0.192 0.0005 0.05
45.267 -0.221 0.0005 0.05
45.3 -0.244 0.0005 0.05
45.333 -0.263 0.0005 0.05
45.367 -0.277 0.0005 0.05
45.4 -0.285 0.0005 0.05
45.433 -0.288 0.0005 0.05
45.467 -0.285 0.0005 0.05
45.5 -0.276 0.0005 0.05
45.533 -0.262 0.0005 0.05
45.567 -0.242 0.0005 0.05
45.6 -0.218 0.0005 0.05
45.633 -0.189 0.0005 0.05
45.667 -0.156 0.0005 0.05
45.7 -0.121 0.0005 0.05
45.733 -0.0827 0.0005 0.05
45.767 -0.04316 0.0005 0.05
45.8 -0.002592 0.0005 0.05
45.833 0.0378 0.0005 0.05
45.867 0.07741 0.0005 0.05
45.9 0.115 0.0005 0.05
45.933 0.151 0.0005 0.05
45.967 0.183 0.0005 0.05
46.0 0.211 0.0005 0.05
46.033 0.235 0.0005 0.05
46.067 0.255 0.0005 0.05
46.1 0.269 0.0005 0.05
46.133 0.278 0.0005 0.05
46.167 0.281 0.0005 0.05
46.2 0.279 0.0005 0.05
46.233 0.271 0.0005 0.05
46.267 0.258 0.0005 0.05
46.3 0.24 0.0005 0.05
46.333 0.217 0.0005 0.05
46.367 0.19 0.0005 0.05
46.4 0.158 0.0005 0.05
46.433 0.124 0.0005 0.05
46.467 0.08633 0.0005 0.05
46.5 0.04689 0.0005 0.05
46.533 0.006315 0.0005 0.05
46.567 -0.03443 0.0005 0.05
46.6 -0.07431 0.0005 0.05
46.633 -0.113 0.0005 0.05
46.667 -0.149 0.0005 0.05
46.7 -0.182 0.0005 0.05
46.733 -0.212 0.0005 0.05
46.767 -0.237 0.0005 0.05
46.8 -0.258 0.0005 0.05
46.833 -0.273 0.0005 0.05
46.867 -0.284 0.0005 0.05
46.9 -0.289 0.0005 0.05
46.933 -0.288 0.0005 0.05
46.967 -0.282 0.0005 0.05
47.0 -0.27 0.0005 0.05
47.033 -0.253 0.0005 0.05
47.067 -0.231 0.0005 0.05
47.1 -0.204 0.0005 0.05
47.133 -0.173 0.0005 0.05
47.167 -0.139 0.0005 0.05
47.2 -0.102 0.0005 0.05
47.233 -0.06274 0.0005 0.05
47.267 -0.02337 0.0005 0.05
47.3 0.01683 0.0005 0.05
47.333 0.05618 0.0005 0.05
47.367 0.09431 0.0005 0.05
47.4 0.13 0.0005 0.05
47.433 0.163 0.0005 0.05
47.467 0.193 0.0005 0.05
47.5 0.219 0.0005 0.05
47.533 0.24 0.0005 0.05
47.567 0.256 0.0005 0.05
47.6 0.268 0.0005 0.05
47.633 0.273 0.0005 0.05
47.667 0.274 0.0005 0.05
47.7 0.269 0.0005 0.05
47.733 0.258 0.0005 0.05
47.767 0.242 0.0005 0.05
47.8 0.222 0.0005 0.05
47.833 0.197 0.0005 0.05
47.867 0.168 0.0005 0.05
47.9 0.135 0.0005 0.05
47.933 0.0998 0.0005 0.05
47.967 0.06229 0.0005 0.05
48.0 0.0236 0.0005 0.05
48.033 -0.01523 0.0005 0.05
48.067 -0.05431 0.0005 0.05
48.1 -0.09219 0.0005 0.05
48.133 -0.129 0.0005 0.05
48.167 -0.162 0.0005 0.05
48.2 -0.192 0.0005 0.05
48.233 -0.219 0.0005 0.05
48.267 -0.24 0.0005 0.05
48.3 -0.258 0.0005 0.05
48.333 -0.27 0.0005 0.05
48.367 -0.277 0.0005 0.05
48.4 -0.279 0.0005 0.05
48.433 -0.275 0.0005 0.05
48.467 -0.266 0.0005 0.05
48.5 -0.251 0.0005 0.05
48.533 -0.231 0.0005 0.05
48.567 -0.207 0.0005 0.05
48.6 -0.178 0.0005 0.05
48.633 -0.146 0.0005 0.05
48.667 -0.111 0.0005 0.05
48.7 -0.07329 0.0005 0.05
48.733 -0.03493 0.0005 0.05
48.767 0.004371 0.0005 0.05
48.8 0.04328 0.0005 0.05
48.833 0.08128 0.0005 0.05
48.867 0.117 0.0005 0.05
48.9 0.151 0.0005 0.05
48.933 0.181 0.0005 0.05
48.967 0.208 0.0005 0.05
49.0 0.231 0.0005 0.05
49.033 0.249 0.0005 0.05
49.067 0.261 0.0005 0.05
49.1 0.294 0.0005 0.05
49.133 0.287 0.0005 0.05
49.167 0.284 0.0005 0.05
49.2 0.275 0.0005 0.05
49.233 0.261 0.0005 0.05
49.267 0.243 0.0005 0.05
49.3 0.22 0.0005 0.05
49.333 0.192 0.0005 0.05
49.367 0.161 0.0005 0.05
49.4 0.128 0.0005 0.05
49.433 0.09117 0.0005 0.05
49.467 0.05245 0.0005 0.05
49.5 0.01346 0.0005 0.05
49.533 -0.02556 0.0005 0.05
49.567 -0.06408 0.0005 0.05
49.6 -0.1 0.0005 0.05
49.633 -0.135 0.0005 0.05
49.667 -0.167 0.0005 0.05
49.7 -0.194 0.0005 0.05
49.733 -0.217 0.0005 0.05
49.767 -0.237 0.0005 0.05
49.8 -0.251 0.0005 0.05
49.833 -0.26 0.0005 0.05
49.867 -0.264 0.0005 0.05
49.9 -0.262 0.0005 0.05
49.933 -0.255 0.0005 0.05
49.967 -0.242 0.0005 0.05
50.0 -0.225 0.0005 0.05
50.033 -0.202 0.0005 0.05
50.067 -0.175 0.0005 0.05
50.1 -0.145 0.0005 0.05
50.133 -0.111 0.0005 0.05
50.167 -0.07546 0.0005 0.05
50.2 -0.03761 0.0005 0.05
50.233 0.0008374 0.0005 0.05
50.267 0.04012 0.0005 0.05
50.3 0.07815 0.0005 0.05
50.333 0.115 0.0005 0.05
50.367 0.149 0.0005 0.05
50.4 0.181 0.0005 0.05
50.433 0.209 0.0005 0.05
50.467 0.233 0.0005 0.05
50.5 0.252 0.0005 0.05
50.533 0.267 0.0005 0.05
50.567 0.277 0.0005 0.05
50.6 0.281 0.0005 0.05
50.633 0.28 0.0005 0.05
50.667 0.274 0.0005 0.05
50.7 0.263 0.0005 0.05
50.733 0.246 0.0005 0.05
50.767 0.225 0.0005 0.05
50.8 0.199 0.0005 0.05
50.833 0.169 0.0005 0.05
50.867 0.136 0.0005 0.05
50.9 0.1 0.0005 0.05
50.933 0.063 0.0005 0.05
50.967 0.02466 0.0005 0.05
51.0 -0.01456 0.0005 0.05
51.033 -0.05257 0.0005 0.05
51.067 -0.08938 0.0005 0.05
51.1 -0.125 0.0005 0.05
51.133 -0.157 0.0005 0.05
51.167 -0.186 0.0005 0.05
51.2 -0.211 0.0005 0.05
51.233 -0.232 0.0005 0.05
51.267 -0.248 0.0005 0.05
51.3 -0.259 0.0005 0.05
51.333 -0.264 0.0005 0.05
51.367 -0.265 0.0005 0.05
51.4 -0.26 0.0005 0.05
51.433 -0.25 0.0005 0.05
51.467 -0.234 0.0005 0.05
51.5 -0.214 0.0005 0.05
51.533 -0.189 0.0005 0.05
51.567 -0.16 0.0005 0.05
51.6 -0.128 0.0005 0.05
51.633 -0.09213 0.0005 0.05
51.667 -0.05496 0.0005 0.05
51.7 -0.01666 0.0005 0.05
51.733 0.02197 0.0005 0.05
51.767 0.06028 0.0005 0.05
51.8 0.09752 0.0005 0.05
51.833 0.133 0.0005 0.05
51.867 0.165 0.0005 0.05
51.9 0.194 0.0005 0.05
51.933 0.22 0.0005 0.05
51.967 0.24 0.0005 0.05
52.0 0.257 0.0005 0.05
52.033 0.268 0.0005 0.05
52.067 0.275 0.0005 0.05
52.1 0.275 0.0005 0.05
52.133 0.271 0.0005 0.05
52.167 0.262 0.0005 0.05
52.2 0.248 0.0005 0.05
52.233 0.229 0.0005 0.05
52.267 0.205 0.0005 0.05
52.3 0.178 0.0005 0.05
52.333 0.147 0.0005 0.05
52.367 0.113 0.0005 0.05
52.4 0.076 0.0005 0.05
52.433 0.03866 0.0005 0.05
52.467 3.003e-05 0.0005 0.05
52.5 -0.03804 0.0005 0.05
52.533 -0.07511 0.0005 0.05
52.567 -0.11 0.0005 0.05
52.6 -0.164 0.0005 0.05
52.633 -0.194 0.0005 0.05
52.667 -0.221 0.0005 0.05
52.7 -0.243 0.0005 0.05
52.733 -0.234 0.0005 0.05
52.767 -0.247 0.0005 0.05
52.8 -0.254 0.0005 0.05
52.833 -0.256 0.0005 0.05
52.867 -0.253 0.0005 0.05
52.9 -0.245 0.0005 0.05
52.933 -0.231 0.0005 0.05
52.967 -0.214 0.0005 0.05
53.0 -0.191 0.0005 0.05
53.033 -0.164 0.0005 0.05
53.067 -0.133 0.0005 0.05
53.1 -0.0994 0.0005 0.05
53.133 -0.06349 0.0005 0.05
53.167 -0.02626 0.0005 0.05
53.2 0.0117 0.0005 0.05
53.233 0.04935 0.0005 0.05
53.267 0.08628 0.0005 0.05
53.3 0.121 0.0005 0.05
53.333 0.154 0.0005 0.05
53.367 0.183 0.0005 0.05
53.4 0.21 0.0005 0.05
53.433 0.232 0.0005 0.05
53.467 0.249 0.0005 0.05
53.5 0.262 0.0005 0.05
53.533 0.271 0.0005 0.05
53.567 0.274 0.0005 0.05
53.6 0.272 0.0005 0.05
53.633 0.264 0.0005 0.05
53.667 0.252 0.0005 0.05
53.7 0.235 0.0005 0.05
53.733 0.214 0.0005 0.05
53.767 0.188 0.0005 0.05
53.8 0.159 0.0005 0.05
53.833 0.127 0.0005 0.05
53.867 0.09215 0.0005 0.05
53.9 0.05608 0.0005 0.05
53.933 0.01898 0.0005 0.05
53.967 -0.01821 0.0005 0.05
54.0 -0.05473 0.0005 0.05
54.033 -0.08986 0.0005 0.05
54.067 -0.123 0.0005 0.05
54.1 -0.153 0.0005 0.05
54.133 -0.181 0.0005 0.05
54.167 -0.204 0.0005 0.05
54.2 -0.223 0.0005 0.05
54.233 -0.237 0.0005 0.05
54.267 -0.246 0.0005 0.05
54.3 -0.25 0.0005 0.05
54.333 -0.249 0.0005 0.05
54.367 -0.243 0.0005 0.05
54.4 -0.232 0.0005 0.05
54.433 -0.216 0.0005 0.05
54.467 -0.195 0.0005 0.05
54.5 -0.17 0.0005 0.05
54.533 -0.14 0.0005 0.05
54.567 -0.108 0.0005 0.05
54.6 -0.07323 0.0005 0.05
54.633 -0.03715 0.0005 0.05
54.667 -0.0005801 0.0005 0.05
54.7 0.03698 0.0005 0.05
54.733 0.07383 0.0005 0.05
54.767 0.109 0.0005 0.05
54.8 0.142 0.0005 0.05
54.833 0.172 0.0005 0.05
54.867 0.2 0.0005 0.05
54.9 0.223 0.0005 0.05
54.933 0.242 0.0005 0.05
54.967 0.256 0.0005 0.05
55.0 0.266 0.0005 0.05
55.033 0.271 0.0005 0.05
55.067 0.27 0.0005 0.05
55.1 0.265 0.0005 0.05
55.133 0.255 0.0005 0.05
55.167 0.239 0.0005 0.05
55.2 0.22 0.0005 0.05
55.233 0.196 0.0005 0.05
55.267 0.169 0.0005 0.05
55.3 0.139 0.0005 0.05
55.333 0.105 0.0005 0.05
55.367 0.07004 0.0005 0.05
55.4 0.03371 0.0005 0.05
55.433 -0.003132 0.0005 0.05
55.467 -0.03953 0.0005 0.05
55.5 -0.07473 0.0005 0.05
55.533 -0.108 0.0005 0.05
55.567 -0.139 0.0005 0.05
55.6 -0.167 0.0005 0.05
55.633 -0.192 0.0005 0.05
55.667 -0.212 0.0005 0.05
55.7 -0.227 0.0005 0.05
55.733 -0.238 0.0005 0.05
55.767 -0.244 0.0005 0.05
55.8 -0.244 0.0005 0.05
55.833 -0.24 0.0005 0.05
55.867 -0.231 0.0005 0.05
55.9 -0.216 0.0005 0.05
55.933 -0.197 0.0005 0.05
55.967 -0.174 0.0005 0.05
56.0 -0.146 0.0005 0.05
56.033 -0.115 0.0005 0.05
56.067 -0.08193 0.0005 0.05
56.1 -0.04628 0.0005 0.05
56.133 -0.01006 0.0005 0.05
56.167 0.02668 0.0005 0.05
56.2 0.06337 0.0005 0.05
56.233 0.0987 0.0005 0.05
56.267 0.132 0.0005 0.05
56.3 0.163 0.0005 0.05
56.333 0.191 0.0005 0.05
56.367 0.216 0.0005 0.05
56.4 0.236 0.0005 0.05
56.433 0.252 0.0005 0.05
56.467 0.264 0.0005 0.05
56.5 0.271 0.0005 0.05
56.533 0.272 0.0005 0.05
56.567 0.268 0.0005 0.05
56.6 0.26 0.0005 0.05
56.633 0.247 0.0005 0.05
56.667 0.229 0.0005 0.05
56.7 0.207 0.0005 0.05
56.733 0.181 0.0005 0.05
56.767 0.151 0.0005 0.05
56.8 0.119 0.0005 0.05
56.833 0.08493 0.0005 0.05
56.867 0.04967 0.0005 0.05
56.9 0.01372 0.0005 0.05
56.933 -0.02227 0.0005 0.05
56.967 -0.05756 0.0005 0.05
57.0 -0.0911 0.0005 0.05
57.033 -0.122 0.0005 0.05
57.067 -0.151 0.0005 0.05
57.1 -0.176 0.0005 0.05
57.133 -0.198 0.0005 0.05
57.167 -0.215 0.0005 0.05
57.2 -0.227 0.0005 0.05
57.233 -0.234 0.0005 0.05
57.267 -0.237 0.0005 0.05
57.3 -0.234 0.0005 0.05
57.333 -0.227 0.0005 0.05
57.367 -0.214 0.0005 0.05
57.4 -0.197 0.0005 0.05
57.433 -0.176 0.0005 0.05
57.467 -0.15 0.0005 0.05
57.5 -0.12 0.0005 0.05
57.533 -0.08808 0.0005 0.05
57.567 -0.05441 0.0005 0.05
57.6 -0.01872 0.0005 0.05
57.633 0.01764 0.0005 0.05
57.667 0.05363 0.0005 0.05
57.7 0.08899 0.0005 0.05
57.733 0.123 0.0005 0.05
57.767 0.154 0.0005 0.05
57.8 0.183 0.0005 0.05
57.833 0.207 0.0005 0.05
57.867 0.229 0.0005 0.05
57.9 0.247 0.0005 0.05
57.933 0.259 0.0005 0.05
57.967 0.267 0.0005 0.05
58.0 0.27 0.0005 0.05
