0.000 0.532
0.033 0.528
0.067 0.513
0.100 0.489
0.133 0.455
0.167 0.413
0.200 0.362
0.233 0.305
0.267 0.242
0.300 0.174
0.333 0.102
0.367 2.969E-2
0.400 -4.380E-2
0.433 -0.115
0.467 -0.184
0.500 -0.247
0.533 -0.306
0.567 -0.358
0.600 -0.402
0.633 -0.438
0.667 -0.465
0.700 -0.482
0.733 -0.491
0.767 -0.491
0.800 -0.482
0.833 -0.465
0.867 -0.437
0.900 -0.401
0.933 -0.354
0.967 -0.299
1.000 -0.238
1.033 -0.172
1.067 -0.103
1.100 -3.209E-2
1.133 3.944E-2
1.167 0.111
1.200 0.181
1.233 0.247
1.267 0.308
1.300 0.364
1.333 0.414
1.367 0.456
1.400 0.489
1.433 0.512
1.467 0.526
1.500 0.531
1.533 0.527
1.567 0.514
1.600 0.491
1.633 0.459
1.667 0.418
1.700 0.368
1.733 0.311
1.767 0.247
1.800 0.180
1.833 0.110
1.867 3.829E-2
1.900 -3.362E-2
1.933 -0.104
1.967 -0.172
2.000 -0.236
2.033 -0.295
2.067 -0.348
2.100 -0.393
2.133 -0.430
2.167 -0.458
2.200 -0.476
2.233 -0.486
2.267 -0.487
2.300 -0.479
2.333 -0.462
2.367 -0.436
2.400 -0.400
2.433 -0.356
2.467 -0.303
2.500 -0.243
2.533 -0.180
2.567 -0.112
2.600 -4.223E-2
2.633 2.779E-2
2.667 9.773E-2
2.700 0.166
2.733 0.231
2.767 0.292
2.800 0.347
2.833 0.396
2.867 0.437
2.900 0.471
2.933 0.496
2.967 0.511
3.000 0.516
3.033 0.512
3.067 0.499
3.100 0.476
3.133 0.444
3.167 0.405
3.200 0.357
3.233 0.303
3.267 0.243
3.300 0.180
3.333 0.113
3.367 4.487E-2
3.400 -2.376E-2
3.433 -9.113E-2
3.467 -0.156
3.500 -0.219
3.533 -0.276
3.567 -0.327
3.600 -0.371
3.633 -0.408
3.667 -0.435
3.700 -0.455
3.733 -0.465
3.767 -0.466
3.800 -0.459
3.833 -0.442
3.867 -0.416
3.900 -0.383
3.933 -0.340
3.967 -0.289
4.000 -0.231
4.033 -0.169
4.067 -0.103
4.100 -3.577E-2
4.133 3.311E-2
4.167 0.102
4.200 0.168
4.233 0.232
4.267 0.291
4.300 0.344
4.333 0.391
4.367 0.430
4.400 0.462
4.433 0.486
4.467 0.499
4.500 0.503
4.533 0.499
4.567 0.485
4.600 0.462
4.633 0.430
4.667 0.390
4.700 0.342
4.733 0.288
4.767 0.228
4.800 0.164
4.833 9.733E-2
4.867 3.000E-2
4.900 -3.843E-2
4.933 -0.105
4.967 -0.169
5.000 -0.230
5.033 -0.285
5.067 -0.335
5.100 -0.378
5.133 -0.413
5.167 -0.440
5.200 -0.459
5.233 -0.468
5.267 -0.469
5.300 -0.462
5.333 -0.446
5.367 -0.420
5.400 -0.386
5.433 -0.342
5.467 -0.290
5.500 -0.234
5.533 -0.173
5.567 -0.108
5.600 -4.224E-2
5.633 2.460E-2
5.667 9.123E-2
5.700 0.156
5.733 0.218
5.767 0.276
5.800 0.329
5.833 0.375
5.867 0.415
5.900 0.446
5.933 0.470
5.967 0.483
6.000 0.489
6.033 0.485
6.067 0.473
6.100 0.451
6.133 0.421
6.167 0.383
6.200 0.336
6.233 0.284
6.267 0.226
6.300 0.163
6.333 9.860E-2
6.367 3.251E-2
6.400 -3.432E-2
6.433 -9.929E-2
6.467 -0.162
6.500 -0.222
6.533 -0.277
6.567 -0.326
6.600 -0.369
6.633 -0.403
6.667 -0.430
6.700 -0.449
6.733 -0.459
6.767 -0.460
6.800 -0.453
6.833 -0.437
6.867 -0.412
6.900 -0.379
6.933 -0.336
6.967 -0.287
7.000 -0.233
7.033 -0.174
7.067 -0.112
7.100 -4.706E-2
7.133 1.820E-2
7.167 8.295E-2
7.200 0.146
7.233 0.205
7.267 0.261
7.300 0.311
7.333 0.355
7.367 0.392
7.400 0.421
7.433 0.442
7.467 0.454
7.500 0.457
7.533 0.452
7.567 0.438
7.600 0.416
7.633 0.385
7.667 0.346
7.700 0.300
7.733 0.249
7.767 0.193
7.800 0.133
7.833 6.995E-2
7.867 5.842E-3
7.900 -5.853E-2
7.933 -0.122
7.967 -0.182
8.000 -0.239
8.033 -0.292
8.067 -0.338
8.100 -0.379
8.133 -0.413
8.167 -0.438
8.200 -0.455
8.233 -0.464
8.267 -0.465
8.300 -0.457
8.333 -0.441
8.367 -0.416
8.400 -0.381
8.433 -0.338
8.467 -0.288
8.500 -0.232
8.533 -0.173
8.567 -0.111
8.600 -4.634E-2
8.633 1.866E-2
8.667 8.320E-2
8.700 0.146
8.733 0.206
8.767 0.261
8.800 0.310
8.833 0.354
8.867 0.391
8.900 0.420
8.933 0.440
8.967 0.451
9.000 0.454
9.033 0.448
9.067 0.433
9.100 0.410
9.133 0.378
9.167 0.339
9.200 0.293
9.233 0.241
9.267 0.184
9.300 0.124
9.333 6.040E-2
9.367 -3.801E-3
9.400 -6.766E-2
9.433 -0.130
9.467 -0.190
9.500 -0.246
9.533 -0.298
9.567 -0.343
9.600 -0.382
9.633 -0.414
9.667 -0.438
9.700 -0.453
9.733 -0.460
9.767 -0.460
9.800 -0.451
9.833 -0.434
9.867 -0.408
9.900 -0.373
9.933 -0.331
9.967 -0.283
10.000 -0.230
10.033 -0.173
10.067 -0.113
10.100 -5.123E-2
10.133 1.129E-2
10.167 7.320E-2
10.200 0.133
10.233 0.190
10.267 0.242
10.300 0.289
10.333 0.365
10.367 0.399
10.400 0.425
10.433 0.445
10.467 0.455
10.500 0.457
10.533 0.450
10.567 0.436
10.600 0.413
10.633 0.382
10.667 0.343
10.700 0.298
10.733 0.248
10.767 0.192
10.800 0.134
10.833 7.215E-2
10.867 9.415E-3
10.900 -5.331E-2
10.933 -0.114
10.967 -0.173
11.000 -0.227
11.033 -0.277
11.067 -0.322
11.100 -0.359
11.133 -0.390
11.167 -0.413
11.200 -0.428
11.233 -0.434
11.267 -0.433
11.300 -0.422
11.333 -0.400
11.367 -0.370
11.400 -0.333
11.433 -0.289
11.467 -0.239
11.500 -0.185
11.533 -0.126
11.567 -6.534E-2
11.600 -3.102E-3
11.633 5.953E-2
11.667 0.121
11.700 0.180
11.733 0.235
11.767 0.286
11.800 0.332
11.833 0.371
11.867 0.404
11.900 0.429
11.933 0.446
11.967 0.455
12.000 0.455
12.033 0.447
12.067 0.431
12.100 0.406
12.133 0.373
12.167 0.333
12.200 0.287
12.233 0.236
12.267 0.180
12.300 0.120
12.333 5.892E-2
12.367 -2.790E-3
12.400 -6.448E-2
12.433 -0.124
12.467 -0.181
12.500 -0.234
12.533 -0.283
12.567 -0.325
12.600 -0.361
12.633 -0.389
12.667 -0.410
12.700 -0.423
12.733 -0.428
12.767 -0.425
12.800 -0.414
12.833 -0.394
12.867 -0.366
12.900 -0.329
12.933 -0.287
12.967 -0.239
13.000 -0.186
13.033 -0.129
13.067 -6.979E-2
13.100 -9.613E-3
13.133 5.106E-2
13.167 0.111
13.200 0.168
13.233 0.221
13.267 0.270
13.300 0.314
13.333 0.352
13.367 0.383
13.400 0.406
13.433 0.421
13.467 0.428
13.500 0.428
13.533 0.419
13.567 0.402
13.600 0.377
13.633 0.345
13.667 0.305
13.700 0.260
13.733 0.210
13.767 0.156
13.800 9.808E-2
13.833 3.854E-2
13.867 -2.237E-2
13.900 -8.226E-2
13.933 -0.140
13.967 -0.195
14.000 -0.246
14.033 -0.291
14.067 -0.331
14.100 -0.364
14.133 -0.390
14.167 -0.409
14.200 -0.420
14.233 -0.423
14.267 -0.419
14.300 -0.404
14.333 -0.380
14.367 -0.349
14.400 -0.311
14.433 -0.266
14.467 -0.216
14.500 -0.163
14.533 -0.106
14.567 -4.754E-2
14.600 1.255E-2
14.633 7.210E-2
14.667 0.130
14.700 0.185
14.733 0.237
14.767 0.284
14.800 0.326
14.833 0.361
14.867 0.389
14.900 0.411
14.933 0.424
14.967 0.429
15.000 0.426
15.033 0.415
15.067 0.396
15.100 0.369
15.133 0.335
15.167 0.294
15.200 0.247
15.233 0.196
15.267 0.140
15.300 8.213E-2
15.333 2.278E-2
15.367 -3.703E-2
15.400 -9.515E-2
15.433 -0.152
15.467 -0.204
15.500 -0.254
15.533 -0.297
15.567 -0.335
15.600 -0.366
15.633 -0.391
15.667 -0.408
15.700 -0.417
15.733 -0.418
15.767 -0.412
15.800 -0.397
15.833 -0.375
15.867 -0.344
15.900 -0.306
15.933 -0.263
15.967 -0.215
16.000 -0.163
16.033 -0.108
16.067 -5.026E-2
16.100 7.821E-3
16.133 6.545E-2
16.167 0.122
16.200 0.175
16.233 0.225
16.267 0.269
16.300 0.309
16.333 0.342
16.367 0.368
16.400 0.387
16.433 0.398
16.467 0.402
16.500 0.397
16.533 0.385
16.567 0.365
16.600 0.338
16.633 0.303
16.667 0.263
16.700 0.217
16.733 0.167
16.767 0.113
16.800 5.675E-2
16.833 -1.083E-3
16.867 -5.914E-2
16.900 -0.116
16.933 -0.170
16.967 -0.221
17.000 -0.267
17.033 -0.308
17.067 -0.344
17.100 -0.372
17.133 -0.394
17.167 -0.409
17.200 -0.415
17.233 -0.414
17.267 -0.405
17.300 -0.386
17.333 -0.361
17.367 -0.328
17.400 -0.289
17.433 -0.244
17.467 -0.194
17.500 -0.141
17.533 -8.524E-2
17.567 -2.787E-2
17.600 2.987E-2
17.633 8.657E-2
17.667 0.141
17.700 0.193
17.733 0.240
17.767 0.283
17.800 0.320
17.833 0.350
17.867 0.374
17.900 0.389
17.933 0.398
17.967 0.398
18.000 0.392
18.033 0.377
18.067 0.355
18.100 0.326
18.133 0.290
18.167 0.248
18.200 0.201
18.233 0.150
18.267 9.519E-2
18.300 3.888E-2
18.333 -1.813E-2
18.367 -7.498E-2
18.400 -0.130
18.433 -0.184
18.467 -0.233
18.500 -0.277
18.533 -0.316
18.567 -0.349
18.600 -0.375
18.633 -0.395
18.667 -0.406
18.700 -0.411
18.733 -0.409
18.767 -0.398
18.800 -0.379
18.833 -0.353
18.867 -0.321
18.900 -0.281
18.933 -0.238
18.967 -0.189
19.000 -0.138
19.033 -8.370E-2
19.067 -2.847E-2
19.100 2.687E-2
19.133 8.107E-2
19.167 0.133
19.200 0.182
19.233 0.227
19.267 0.267
19.300 0.301
19.333 0.328
19.367 0.348
19.400 0.361
19.433 0.367
19.467 0.365
19.500 0.404
19.533 0.388
19.567 0.364
19.600 0.350
19.633 0.299
19.667 0.258
19.700 0.211
19.733 0.161
19.767 0.108
19.800 5.285E-2
19.833 -3.036E-3
19.867 -5.816E-2
19.900 -0.112
19.933 -0.163
19.967 -0.209
20.000 -0.251
20.033 -0.288
20.067 -0.320
20.100 -0.344
20.133 -0.361
20.167 -0.371
20.200 -0.373
20.233 -0.368
20.267 -0.356
20.300 -0.336
20.333 -0.308
20.367 -0.272
20.400 -0.231
20.433 -0.184
20.467 -0.134
20.500 -8.025E-2
20.533 -2.529E-2
20.567 3.089E-2
20.600 8.662E-2
20.633 0.142
20.667 0.193
20.700 0.241
20.733 0.285
20.767 0.325
20.800 0.357
20.833 0.384
20.867 0.403
20.900 0.415
20.933 0.420
20.967 0.417
21.000 0.406
21.033 0.388
21.067 0.362
21.100 0.330
21.133 0.292
21.167 0.248
21.200 0.201
21.233 0.150
21.267 9.681E-2
21.300 4.202E-2
21.333 -1.295E-2
21.367 -6.704E-2
21.400 -0.120
21.433 -0.169
21.467 -0.214
21.500 -0.255
21.533 -0.290
21.567 -0.319
21.600 -0.341
21.633 -0.355
21.667 -0.362
21.700 -0.362
21.733 -0.355
21.767 -0.340
21.800 -0.318
21.833 -0.288
21.867 -0.252
21.900 -0.211
21.933 -0.165
21.967 -0.116
22.000 -6.320E-2
22.033 -9.512E-3
22.067 4.494E-2
22.100 9.849E-2
22.133 0.150
22.167 0.199
22.200 0.244
22.233 0.285
22.267 0.321
22.300 0.350
22.333 0.373
22.367 0.389
22.400 0.397
22.433 0.398
22.467 0.392
22.500 0.378
22.533 0.357
22.567 0.330
22.600 0.296
22.633 0.256
22.667 0.212
22.700 0.163
22.733 0.113
22.767 5.979E-2
22.800 5.922E-3
22.833 -4.759E-2
22.867 -9.971E-2
22.900 -0.149
22.933 -0.196
22.967 -0.238
23.000 -0.275
23.033 -0.307
23.067 -0.333
23.100 -0.351
23.133 -0.362
23.167 -0.366
23.200 -0.364
23.233 -0.353
23.267 -0.336
23.300 -0.311
23.333 -0.280
23.367 -0.242
23.400 -0.200
23.433 -0.153
23.467 -0.104
23.500 -5.148E-2
23.533 1.726E-3
23.567 5.513E-2
23.600 0.108
23.633 0.158
23.667 0.205
23.700 0.249
23.733 0.288
23.767 0.321
23.800 0.348
23.833 0.369
23.867 0.382
23.900 0.388
23.933 0.387
23.967 0.380
24.000 0.364
24.033 0.342
24.067 0.313
24.100 0.278
24.133 0.238
24.167 0.194
24.200 0.146
24.233 9.620E-2
24.267 4.460E-2
24.300 -7.664E-3
24.333 -5.888E-2
24.367 -0.109
24.400 -0.155
24.433 -0.199
24.467 -0.238
24.500 -0.272
24.533 -0.300
24.567 -0.323
24.600 -0.339
24.633 -0.348
24.667 -0.349
24.700 -0.344
24.733 -0.331
24.767 -0.311
24.800 -0.285
24.833 -0.251
24.867 -0.213
24.900 -0.170
24.933 -0.123
24.967 -7.383E-2
25.000 -2.229E-2
25.033 3.025E-2
25.067 8.261E-2
25.100 0.134
25.133 0.182
25.167 0.227
25.200 0.268
25.233 0.304
25.267 0.334
25.300 0.358
25.333 0.376
25.367 0.386
25.400 0.389
25.433 0.386
25.467 0.375
25.500 0.357
25.533 0.333
25.567 0.302
25.600 0.266
25.633 0.224
25.667 0.180
25.700 0.131
25.733 7.927E-2
25.767 2.730E-2
25.800 -2.480E-2
25.833 -7.594E-2
25.867 -0.126
25.900 -0.172
25.933 -0.215
25.967 -0.253
26.000 -0.286
26.033 -0.313
26.067 -0.333
26.100 -0.346
26.133 -0.352
26.167 -0.352
26.200 -0.344
26.233 -0.330
26.267 -0.308
26.300 -0.279
26.333 -0.244
26.367 -0.205
26.400 -0.162
26.433 -0.116
26.467 -6.633E-2
26.500 -1.511E-2
26.533 3.615E-2
26.567 8.659E-2
26.600 0.136
26.633 0.182
26.667 0.225
26.700 0.263
26.733 0.296
26.767 0.324
26.800 0.345
26.833 0.359
26.867 0.367
26.900 0.368
26.933 0.362
26.967 0.349
27.000 0.329
27.033 0.303
27.067 0.272
27.100 0.234
27.133 0.193
27.167 0.148
27.200 9.957E-2
27.233 4.985E-2
27.267 -4.615E-4
27.300 -5.056E-2
27.333 -9.978E-2
27.367 -0.147
27.400 -0.190
27.433 -0.229
27.467 -0.264
27.500 -0.293
27.533 -0.317
27.567 -0.333
27.600 -0.344
27.633 -0.348
27.667 -0.344
27.700 -0.334
27.733 -0.317
27.767 -0.293
27.800 -0.262
27.833 -0.226
27.867 -0.186
27.900 -0.140
27.933 -9.202E-2
27.967 -4.183E-2
28.000 9.123E-3
28.033 5.961E-2
28.067 0.109
28.100 0.157
28.133 0.201
28.167 0.242
28.200 0.278
28.233 0.309
28.267 0.334
28.300 0.352
28.333 0.365
28.367 0.370
28.400 0.368
28.433 0.360
28.467 0.345
28.500 0.324
28.533 0.296
28.567 0.263
28.600 0.225
28.633 0.182
28.667 0.136
28.700 8.735E-2
28.733 3.774E-2
28.767 -1.215E-2
28.800 -6.144E-2
28.833 -0.109
28.867 -0.154
28.900 -0.195
28.933 -0.232
28.967 -0.264
29.000 -0.291
29.033 -0.312
29.067 -0.326
29.100 -0.333
29.133 -0.334
29.167 -0.328
29.200 -0.315
29.233 -0.295
29.267 -0.269
29.300 -0.237
29.333 -0.201
29.367 -0.159
29.400 -0.114
29.433 -6.655E-2
29.467 -1.773E-2
29.500 3.137E-2
29.533 8.063E-2
29.567 0.128
29.600 0.173
29.633 0.215
29.667 0.253
29.700 0.286
29.733 0.313
29.767 0.335
29.800 0.350
29.833 0.358
29.867 0.360
29.900 0.356
29.933 0.345
29.967 0.326
30.000 0.302
30.033 0.272
30.067 0.236
30.100 0.195
30.133 0.151
30.167 0.104
30.200 5.503E-2
30.233 5.624E-3
30.267 -4.372E-2
30.300 -9.216E-2
30.333 -0.138
30.367 -0.181
30.400 -0.220
30.433 -0.254
30.467 -0.284
30.500 -0.308
30.533 -0.326
30.567 -0.337
30.600 -0.342
30.633 -0.339
30.667 -0.330
30.700 -0.315
30.733 -0.293
30.767 -0.265
30.800 -0.231
30.833 -0.192
30.867 -0.149
30.900 -0.104
30.933 -5.667E-2
30.967 -8.361E-3
31.000 4.046E-2
31.033 8.842E-2
31.067 0.134
31.100 0.177
31.133 0.216
31.167 0.252
31.200 0.282
31.233 0.307
31.267 0.325
31.300 0.337
31.333 0.344
31.367 0.343
31.400 0.335
31.433 0.321
31.467 0.301
31.500 0.275
31.533 0.243
31.567 0.207
31.600 0.167
31.633 0.124
31.667 7.744E-2
31.700 2.959E-2
31.733 -1.866E-2
31.767 -6.574E-2
31.800 -0.112
31.833 -0.156
31.867 -0.196
31.900 -0.232
31.933 -0.263
31.967 -0.289
32.000 -0.310
32.033 -0.324
32.067 -0.332
32.100 -0.334
32.133 -0.329
32.167 -0.317
32.200 -0.299
32.233 -0.274
32.267 -0.244
32.300 -0.209
32.333 -0.170
32.367 -0.126
32.400 -8.001E-2
32.433 -3.208E-2
32.467 1.605E-2
32.500 6.382E-2
32.533 0.110
32.567 0.155
32.600 0.195
32.633 0.233
32.667 0.266
32.700 0.293
32.733 0.315
32.767 0.331
32.800 0.340
32.833 0.342
32.867 0.339
32.900 0.330
32.933 0.313
32.967 0.291
33.000 0.263
33.033 0.231
33.067 0.194
33.100 0.153
33.133 0.109
33.167 6.317E-2
33.200 1.639E-2
33.233 -3.049E-2
33.267 -7.680E-2
33.300 -0.121
33.333 -0.162
33.367 -0.200
33.400 -0.234
33.433 -0.263
33.467 -0.286
33.500 -0.303
33.533 -0.314
33.567 -0.318
33.600 -0.317
33.633 -0.308
33.667 -0.294
33.700 -0.273
33.733 -0.247
33.767 -0.215
33.800 -0.178
33.833 -0.138
33.867 -9.418E-2
33.900 -4.847E-2
33.933 -1.905E-3
33.967 4.529E-2
34.000 9.170E-2
34.033 0.136
34.067 0.178
34.100 0.216
34.133 0.251
34.167 0.280
34.200 0.303
34.233 0.321
34.267 0.334
34.300 0.339
34.333 0.339
34.367 0.332
34.400 0.319
34.433 0.300
34.467 0.275
34.500 0.245
34.533 0.209
34.567 0.170
34.600 0.128
34.633 8.268E-2
34.667 3.631E-2
34.700 -1.037E-2
34.733 -5.677E-2
34.767 -0.102
34.800 -0.144
34.833 -0.184
34.867 -0.219
34.900 -0.251
34.933 -0.276
34.967 -0.297
35.000 -0.311
35.033 -0.319
35.067 -0.321
35.100 -0.316
35.133 -0.305
35.167 -0.288
35.200 -0.265
35.233 -0.236
35.267 -0.201
35.300 -0.163
35.333 -0.122
35.367 -7.839E-2
35.400 -3.348E-2
35.433 1.210E-2
35.467 5.741E-2
35.500 0.101
35.533 0.143
35.567 0.182
35.600 0.218
35.633 0.248
35.667 0.274
35.700 0.295
35.733 0.310
35.767 0.319
35.800 0.322
35.833 0.318
35.867 0.309
35.900 0.293
35.933 0.272
35.967 0.245
36.000 0.213
36.033 0.177
36.067 0.137
36.100 9.460E-2
36.133 5.013E-2
36.167 5.022E-3
36.200 -4.055E-2
36.233 -8.474E-2
36.267 -0.127
36.300 -0.167
36.333 -0.204
36.367 -0.236
36.400 -0.264
36.433 -0.286
36.467 -0.303
36.500 -0.314
36.533 -0.318
36.567 -0.316
36.600 -0.308
36.633 -0.294
36.667 -0.274
36.700 -0.248
36.733 -0.217
36.767 -0.182
36.800 -0.143
36.833 -0.100
36.867 -5.673E-2
36.900 -1.187E-2
36.933 3.328E-2
36.967 7.766E-2
37.000 0.120
37.033 0.161
37.067 0.198
37.100 0.231
37.133 0.259
37.167 0.282
37.200 0.300
37.233 0.312
37.267 0.318
37.300 0.318
37.333 0.311
37.367 0.299
37.400 0.280
37.433 0.257
37.467 0.229
37.500 0.195
37.533 0.158
37.567 0.118
37.600 7.552E-2
37.633 3.122E-2
37.667 -1.384E-2
37.700 -5.776E-2
37.733 -0.101
37.767 -0.141
37.800 -0.179
37.833 -0.214
37.867 -0.243
37.900 -0.268
37.933 -0.287
37.967 -0.301
38.000 -0.308
38.033 -0.310
38.067 -0.305
38.100 -0.295
38.133 -0.277
38.167 -0.254
38.200 -0.225
38.233 -0.192
38.267 -0.156
38.300 -0.115
38.333 -7.270E-2
38.367 -2.887E-2
38.400 1.581E-2
38.433 5.991E-2
38.467 0.103
38.500 0.144
38.533 0.182
38.567 0.216
38.600 0.247
38.633 0.272
38.667 0.292
38.700 0.307
38.733 0.317
38.767 0.319
38.800 0.316
38.833 0.307
38.867 0.292
38.900 0.271
38.933 0.245
38.967 0.215
39.000 0.180
39.033 0.142
39.067 0.100
39.100 5.786E-2
39.133 1.432E-2
39.167 -2.999E-2
39.200 -7.307E-2
39.233 -0.114
39.267 -0.153
39.300 -0.188
39.333 -0.219
39.367 -0.245
39.400 -0.266
39.433 -0.282
39.467 -0.292
39.500 -0.297
39.533 -0.295
39.567 -0.288
39.600 -0.274
39.633 -0.254
39.667 -0.229
39.700 -0.199
39.733 -0.165
39.767 -0.128
39.800 -8.726E-2
39.833 -4.456E-2
39.867 -9.335E-4
39.900 4.262E-2
39.933 8.562E-2
39.967 0.127
40.000 0.166
40.033 0.201
40.067 0.233
40.100 0.260
40.133 0.282
40.167 0.299
40.200 0.310
40.233 0.316
40.267 0.315
40.300 0.309
40.333 0.296
40.367 0.278
40.400 0.254
40.433 0.226
40.467 0.193
40.500 0.156
40.533 0.116
40.567 7.429E-2
40.600 3.122E-2
40.633 -1.205E-2
40.667 -5.508E-2
40.700 -9.671E-2
40.733 -0.136
40.767 -0.173
40.800 -0.206
40.833 -0.235
40.867 -0.258
40.900 -0.277
40.933 -0.289
40.967 -0.296
41.000 -0.297
41.033 -0.292
41.067 -0.281
41.100 -0.265
41.133 -0.242
41.167 -0.215
41.200 -0.183
41.233 -0.148
41.267 -0.109
41.300 -6.817E-2
41.333 -2.568E-2
41.367 1.713E-2
41.400 5.919E-2
41.433 0.101
41.467 0.140
41.500 0.176
41.533 0.209
41.567 0.237
41.600 0.261
41.633 0.280
41.667 0.293
41.700 0.301
41.733 0.303
41.767 0.299
41.800 0.289
41.833 0.274
41.867 0.253
41.900 0.228
41.933 0.197
41.967 0.162
42.000 0.125
42.033 8.502E-2
42.067 4.328E-2
42.100 9.173E-5
42.133 -4.254E-2
42.167 -8.412E-2
42.200 -0.124
42.233 -0.162
42.267 -0.196
42.300 -0.226
42.333 -0.251
42.367 -0.272
42.400 -0.286
42.433 -0.296
42.467 -0.300
42.500 -0.298
42.533 -0.290
42.567 -0.276
42.600 -0.257
42.633 -0.233
42.667 -0.203
42.700 -0.170
42.733 -0.133
42.767 -9.376E-2
42.800 -5.295E-2
42.833 -1.159E-2
42.867 3.026E-2
42.900 7.127E-2
42.933 0.111
42.967 0.148
43.000 0.182
43.033 0.213
43.067 0.239
43.100 0.260
43.133 0.275
43.167 0.285
43.200 0.290
43.233 0.289
43.267 0.282
43.300 0.270
43.333 0.252
43.367 0.229
43.400 0.201
43.433 0.169
43.467 0.135
43.500 9.701E-2
43.533 5.709E-2
43.567 1.599E-2
43.600 -2.547E-2
43.633 -6.613E-2
43.667 -0.106
43.700 -0.143
43.733 -0.178
43.767 -0.209
43.800 -0.236
43.833 -0.259
43.867 -0.276
43.900 -0.287
43.933 -0.293
43.967 -0.294
44.000 -0.288
44.033 -0.277
44.067 -0.260
44.100 -0.237
44.133 -0.211
44.167 -0.179
44.200 -0.144
44.233 -0.107
44.267 -6.697E-2
44.300 -2.604E-2
44.333 1.546E-2
44.367 5.613E-2
44.400 9.576E-2
44.433 0.133
44.467 0.168
44.500 0.199
44.533 0.226
44.567 0.248
44.600 0.266
44.633 0.278
44.667 0.286
44.700 0.287
44.733 0.282
44.767 0.273
44.800 0.257
44.833 0.237
44.867 0.211
44.900 0.182
44.933 0.149
44.967 0.113
45.000 7.512E-2
45.033 3.503E-2
45.067 -6.006E-3
45.100 -4.689E-2
45.133 -8.672E-2
45.167 -0.125
45.200 -0.160
45.233 -0.192
45.267 -0.221
45.300 -0.244
45.333 -0.263
45.367 -0.277
45.400 -0.285
45.433 -0.288
45.467 -0.285
45.500 -0.276
45.533 -0.262
45.567 -0.242
45.600 -0.218
45.633 -0.189
45.667 -0.156
45.700 -0.121
45.733 -8.270E-2
45.767 -4.316E-2
45.800 -2.592E-3
45.833 3.780E-2
45.867 7.741E-2
45.900 0.115
45.933 0.151
45.967 0.183
46.000 0.211
46.033 0.235
46.067 0.255
46.100 0.269
46.133 0.278
46.167 0.281
46.200 0.279
46.233 0.271
46.267 0.258
46.300 0.240
46.333 0.217
46.367 0.190
46.400 0.158
46.433 0.124
46.467 8.633E-2
46.500 4.689E-2
46.533 6.315E-3
46.567 -3.443E-2
46.600 -7.431E-2
46.633 -0.113
46.667 -0.149
46.700 -0.182
46.733 -0.212
46.767 -0.237
46.800 -0.258
46.833 -0.273
46.867 -0.284
46.900 -0.289
46.933 -0.288
46.967 -0.282
47.000 -0.270
47.033 -0.253
47.067 -0.231
47.100 -0.204
47.133 -0.173
47.167 -0.139
47.200 -0.102
47.233 -6.274E-2
47.267 -2.337E-2
47.300 1.683E-2
47.333 5.618E-2
47.367 9.431E-2
47.400 0.130
47.433 0.163
47.467 0.193
47.500 0.219
47.533 0.240
47.567 0.256
47.600 0.268
47.633 0.273
47.667 0.274
47.700 0.269
47.733 0.258
47.767 0.242
47.800 0.222
47.833 0.197
47.867 0.168
47.900 0.135
47.933 9.980E-2
47.967 6.229E-2
48.000 2.360E-2
48.033 -1.523E-2
48.067 -5.431E-2
48.100 -9.219E-2
48.133 -0.129
48.167 -0.162
48.200 -0.192
48.233 -0.219
48.267 -0.240
48.300 -0.258
48.333 -0.270
48.367 -0.277
48.400 -0.279
48.433 -0.275
48.467 -0.266
48.500 -0.251
48.533 -0.231
48.567 -0.207
48.600 -0.178
48.633 -0.146
48.667 -0.111
48.700 -7.329E-2
48.733 -3.493E-2
48.767 4.371E-3
48.800 4.328E-2
48.833 8.128E-2
48.867 0.117
48.900 0.151
48.933 0.181
48.967 0.208
49.000 0.231
49.033 0.249
49.067 0.261
49.100 0.294
49.133 0.287
49.167 0.284
49.200 0.275
49.233 0.261
49.267 0.243
49.300 0.220
49.333 0.192
49.367 0.161
49.400 0.128
49.433 9.117E-2
49.467 5.245E-2
49.500 1.346E-2
49.533 -2.556E-2
49.567 -6.408E-2
49.600 -0.100
49.633 -0.135
49.667 -0.167
49.700 -0.194
49.733 -0.217
49.767 -0.237
49.800 -0.251
49.833 -0.260
49.867 -0.264
49.900 -0.262
49.933 -0.255
49.967 -0.242
50.000 -0.225
50.033 -0.202
50.067 -0.175
50.100 -0.145
50.133 -0.111
50.167 -7.546E-2
50.200 -3.761E-2
50.233 8.374E-4
50.267 4.012E-2
50.300 7.815E-2
50.333 0.115
50.367 0.149
50.400 0.181
50.433 0.209
50.467 0.233
50.500 0.252
50.533 0.267
50.567 0.277
50.600 0.281
50.633 0.280
50.667 0.274
50.700 0.263
50.733 0.246
50.767 0.225
50.800 0.199
50.833 0.169
50.867 0.136
50.900 0.100
50.933 6.300E-2
50.967 2.466E-2
51.000 -1.456E-2
51.033 -5.257E-2
51.067 -8.938E-2
51.100 -0.125
51.133 -0.157
51.167 -0.186
51.200 -0.211
51.233 -0.232
51.267 -0.248
51.300 -0.259
51.333 -0.264
51.367 -0.265
51.400 -0.260
51.433 -0.250
51.467 -0.234
51.500 -0.214
51.533 -0.189
51.567 -0.160
51.600 -0.128
51.633 -9.213E-2
51.667 -5.496E-2
51.700 -1.666E-2
51.733 2.197E-2
51.767 6.028E-2
51.800 9.752E-2
51.833 0.133
51.867 0.165
51.900 0.194
51.933 0.220
51.967 0.240
52.000 0.257
52.033 0.268
52.067 0.275
52.100 0.275
52.133 0.271
52.167 0.262
52.200 0.248
52.233 0.229
52.267 0.205
52.300 0.178
52.333 0.147
52.367 0.113
52.400 7.600E-2
52.433 3.866E-2
52.467 3.003E-5
52.500 -3.804E-2
52.533 -7.511E-2
52.567 -0.110
52.600 -0.164
52.633 -0.194
52.667 -0.221
52.700 -0.243
52.733 -0.234
52.767 -0.247
52.800 -0.254
52.833 -0.256
52.867 -0.253
52.900 -0.245
52.933 -0.231
52.967 -0.214
53.000 -0.191
53.033 -0.164
53.067 -0.133
53.100 -9.940E-2
53.133 -6.349E-2
53.167 -2.626E-2
53.200 1.170E-2
53.233 4.935E-2
53.267 8.628E-2
53.300 0.121
53.333 0.154
53.367 0.183
53.400 0.210
53.433 0.232
53.467 0.249
53.500 0.262
53.533 0.271
53.567 0.274
53.600 0.272
53.633 0.264
53.667 0.252
53.700 0.235
53.733 0.214
53.767 0.188
53.800 0.159
53.833 0.127
53.867 9.215E-2
53.900 5.608E-2
53.933 1.898E-2
53.967 -1.821E-2
54.000 -5.473E-2
54.033 -8.986E-2
54.067 -0.123
54.100 -0.153
54.133 -0.181
54.167 -0.204
54.200 -0.223
54.233 -0.237
54.267 -0.246
54.300 -0.250
54.333 -0.249
54.367 -0.243
54.400 -0.232
54.433 -0.216
54.467 -0.195
54.500 -0.170
54.533 -0.140
54.567 -0.108
54.600 -7.323E-2
54.633 -3.715E-2
54.667 -5.801E-4
54.700 3.698E-2
54.733 7.383E-2
54.767 0.109
54.800 0.142
54.833 0.172
54.867 0.200
54.900 0.223
54.933 0.242
54.967 0.256
55.000 0.266
55.033 0.271
55.067 0.270
55.100 0.265
55.133 0.255
55.167 0.239
55.200 0.220
55.233 0.196
55.267 0.169
55.300 0.139
55.333 0.105
55.367 7.004E-2
55.400 3.371E-2
55.433 -3.132E-3
55.467 -3.953E-2
55.500 -7.473E-2
55.533 -0.108
55.567 -0.139
55.600 -0.167
55.633 -0.192
55.667 -0.212
55.700 -0.227
55.733 -0.238
55.767 -0.244
55.800 -0.244
55.833 -0.240
55.867 -0.231
55.900 -0.216
55.933 -0.197
55.967 -0.174
56.000 -0.146
56.033 -0.115
56.067 -8.193E-2
56.100 -4.628E-2
56.133 -1.006E-2
56.167 2.668E-2
56.200 6.337E-2
56.233 9.870E-2
56.267 0.132
56.300 0.163
56.333 0.191
56.367 0.216
56.400 0.236
56.433 0.252
56.467 0.264
56.500 0.271
56.533 0.272
56.567 0.268
56.600 0.260
56.633 0.247
56.667 0.229
56.700 0.207
56.733 0.181
56.767 0.151
56.800 0.119
56.833 8.493E-2
56.867 4.967E-2
56.900 1.372E-2
56.933 -2.227E-2
56.967 -5.756E-2
57.000 -9.110E-2
57.033 -0.122
57.067 -0.151
57.100 -0.176
57.133 -0.198
57.167 -0.215
57.200 -0.227
57.233 -0.234
57.267 -0.237
57.300 -0.234
57.333 -0.227
57.367 -0.214
57.400 -0.197
57.433 -0.176
57.467 -0.150
57.500 -0.120
57.533 -8.808E-2
57.567 -5.441E-2
57.600 -1.872E-2
57.633 1.764E-2
57.667 5.363E-2
57.700 8.899E-2
57.733 0.123
57.767 0.154
57.800 0.183
57.833 0.207
57.867 0.229
57.900 0.247
57.933 0.259
57.967 0.267
58.000 0.270
